#ID DescID Mvir Vmax Vrms Rvir Rs Np X Y Z VX VY VZ JX JY JZ Spin rs_klypin Mvir_all M200b M200c M500c M2500c Xoff Voff spin_bullock b_to_a c_to_a A[x] A[y] A[z] b_to_a(500c) c_to_a(500c) A[x](500c) A[y](500c) A[z](500c) T/|U| M_pe_Behroozi M_pe_Diemer Type SM Gas BH_Mass
#a = 0.600000
#Om = 0.989564; Ol = 0.010436; h = 1.442868
#FOF linking length: 0.280000
#Unbound Threshold: 0.500000; FOF Refinement Threshold: 0.700000
#Particle mass: 2.21055e+10 Msun/h
#Box size: 85.760002 Mpc/h
#Force resolution assumed: 0 Mpc/h
#Units: Masses in Msun / h
#Units: Positions in Mpc / h (comoving)
#Units: Velocities in km / s (physical, peculiar)
#Units: Halo Distances, Lengths, and Radii in kpc / h (comoving)
#Units: Angular Momenta in (Msun/h) * (Mpc/h) * km/s (physical)
#Units: Spins are dimensionless
#Np is an internal debugging quantity.
#Rockstar-Galaxies Version: 0.99.9-RC4
0 -1 1.4811e+12 256.72 538.39 193.441 31.494 519 33.38979 23.38588 41.82391 329.03 -387.79 137.95 2.411e+12 -4.018e+12 1.121e+11 0.15601 31.49445 2.4979e+12 1.4148e+12 1.4148e+12 1.0611e+12 2.2106e+10 868.97992 60.52 0.08230 0.49774 0.38238 0.15157 51.52473 -15.43536 0.29656 0.05256 -0.56631 34.01555 -14.14858 2.9674 5.6147e+09 1.1053e+12 0 0.0000e+00 0.0000e+00 0.0000e+00
1 -1 1.3263e+11 107.26 273.83 86.545 24.024 34 38.18531 19.86817 37.88370 -1071.29 -856.18 3.94 -1.909e+11 -1.981e+11 1.213e+11 0.39350 24.02383 2.2106e+11 1.3263e+11 1.3263e+11 0.0000e+00 0.0000e+00 9541.05371 213.05 0.29446 0.69006 0.20329 5.71573 28.18502 -21.20674 0.00000 0.00000 0.00000 0.00000 0.00000 2.8989 2.1601e+09 1.3263e+11 0 0.0000e+00 0.0000e+00 0.0000e+00
2 -1 3.0948e+11 153.34 324.53 114.789 17.976 47 37.75232 19.15746 38.03435 -59.29 191.72 724.47 1.383e+12 6.314e+11 5.196e+11 0.78865 17.97583 5.7474e+11 3.0948e+11 3.0948e+11 2.4316e+11 0.0000e+00 4066.18335 78.17 0.38340 0.27037 0.07685 2.92944 -27.99883 41.02674 0.34041 0.00000 28.34056 21.16939 22.78839 3.3409 1.9893e+09 2.2106e+11 0 0.0000e+00 0.0000e+00 0.0000e+00
3 -1 4.4211e+10 106.10 112.00 60.007 2.843 41 23.59976 78.57209 70.08022 -280.63 50.31 -138.10 0.000e+00 0.000e+00 0.000e+00 0.00000 2.84286 4.4211e+10 4.4211e+10 4.4211e+10 2.2106e+10 2.2106e+10 53952.26562 158.40 0.00000 0.00000 0.00000 0.00000 0.00000 0.00000 0.00000 0.00000 0.00000 0.00000 0.00000 0.0000 5.2240e+09 0.0000e+00 0 0.0000e+00 0.0000e+00 0.0000e+00
4 -1 2.6527e+11 141.23 279.88 109.040 20.764 54 19.09113 13.47241 63.82171 330.39 692.38 -443.44 -3.555e+11 4.958e+11 -2.829e+10 0.36769 20.76352 5.0843e+11 2.6527e+11 2.6527e+11 6.6317e+10 0.0000e+00 5661.24072 108.43 0.18842 0.49024 0.04102 -3.40991 44.83646 5.87726 0.00000 0.00000 0.00000 0.00000 0.00000 3.7622 2.7539e+09 1.9895e+11 0 0.0000e+00 0.0000e+00 0.0000e+00
5 -1 1.4590e+12 237.39 459.89 192.474 56.600 401 47.74690 57.95910 34.61855 -14.89 -102.11 344.70 3.371e+12 -5.815e+12 9.557e+11 0.17887 56.60033 2.8958e+12 1.4369e+12 1.4369e+12 7.0738e+11 2.2106e+10 1268.80859 43.85 0.12224 0.60574 0.17614 14.22293 17.18622 -17.54515 0.80899 0.20090 12.57478 6.31165 -10.56322 2.1819 1.8386e+10 1.6800e+12 0 0.0000e+00 0.0000e+00 0.0000e+00
6 -1 1.9895e+11 150.06 261.41 99.069 8.434 80 51.16308 83.81788 72.78196 -198.22 -106.18 -485.31 -1.927e+11 2.785e+11 -5.394e+10 0.31258 8.43382 3.5369e+11 1.9895e+11 1.9895e+11 1.3263e+11 2.2106e+10 13567.63379 99.28 0.17091 0.46171 0.06190 16.76261 24.14825 -6.74911 0.74561 0.24608 7.82363 0.58491 9.85291 3.4792 1.0449e+10 6.6317e+10 0 0.0000e+00 0.0000e+00 0.0000e+00
7 -1 1.0390e+12 209.61 421.65 171.879 60.231 320 51.27744 84.44914 73.30498 -133.52 206.32 8.54 2.535e+12 -1.004e+12 1.657e+12 0.16212 60.23133 1.9011e+12 9.7264e+11 9.7264e+11 6.6317e+10 0.0000e+00 2631.29834 43.73 0.10115 0.72050 0.41473 -41.76962 5.68351 46.62318 0.00000 0.00000 0.00000 0.00000 0.00000 2.6510 2.7191e+09 1.5032e+12 0 0.0000e+00 0.0000e+00 0.0000e+00
8 -1 2.6527e+11 136.43 235.06 109.040 27.412 47 59.98307 24.71727 2.03010 366.06 -400.37 -301.93 -2.191e+11 8.539e+10 -1.539e+10 0.10697 27.41191 5.0843e+11 2.4316e+11 2.4316e+11 1.5474e+11 0.0000e+00 5404.57910 75.78 0.07269 0.49856 0.16138 -1.90315 41.21334 -9.13774 0.00000 0.00000 -6.57654 28.57780 12.72321 2.6295 2.3004e+09 2.6527e+11 0 0.0000e+00 0.0000e+00 0.0000e+00
9 -1 3.9790e+11 182.02 388.46 124.819 12.529 183 60.29969 23.91525 1.69880 68.69 -68.43 213.29 -4.409e+11 5.737e+11 3.892e+11 0.29282 12.52867 6.1896e+11 3.9790e+11 3.9790e+11 3.3158e+11 2.2106e+10 3610.88110 86.34 0.12896 0.76548 0.41291 -19.30702 -11.55044 18.40299 0.84343 0.25782 -11.97268 13.93508 22.41506 3.9538 4.7968e+09 1.7684e+11 0 0.0000e+00 0.0000e+00 0.0000e+00
10 -1 9.0633e+11 200.08 390.02 164.230 58.783 222 21.18921 61.63615 9.53452 333.81 -89.71 184.32 -5.349e+11 5.897e+11 -4.688e+11 0.05973 58.78333 1.6800e+12 7.9580e+11 7.9580e+11 3.0948e+11 6.6317e+10 1609.56384 121.17 0.03678 0.66547 0.17351 17.94324 1.29545 9.17828 0.36658 0.00000 7.09105 -0.06814 7.76186 2.6670 1.3883e+10 1.2821e+12 0 0.0000e+00 0.0000e+00 0.0000e+00
11 -1 6.4106e+11 186.11 414.34 146.326 31.873 108 42.27376 57.01972 36.78798 423.46 -130.71 108.23 -1.190e+12 1.039e+12 1.735e+12 0.33220 31.87345 7.5159e+11 6.4106e+11 6.4106e+11 2.6527e+11 2.2106e+10 2760.50073 35.66 0.16632 0.77352 0.44098 26.41867 13.32637 -6.20811 0.36766 0.00928 6.90976 19.32735 -17.84434 3.7123 4.5829e+09 5.7474e+11 0 0.0000e+00 0.0000e+00 0.0000e+00
12 -1 3.9790e+11 160.03 427.46 124.819 25.567 297 80.12194 39.65147 57.64124 194.01 52.44 -247.36 -1.674e+11 -6.161e+11 -1.121e+12 0.51124 25.56699 7.5159e+11 3.7579e+11 3.7579e+11 2.4316e+11 0.0000e+00 5911.09814 56.88 0.20250 0.27104 0.01261 -26.60501 29.44363 1.07897 0.07367 0.00000 -12.91206 22.89226 -11.22796 4.6141 3.0700e+09 3.3158e+11 0 0.0000e+00 0.0000e+00 0.0000e+00
13 -1 1.3263e+11 109.01 188.77 86.545 20.455 35 13.72758 59.82314 34.30263 -335.22 -169.07 -101.64 -1.849e+11 -1.723e+11 -1.307e+11 0.40819 20.45517 2.4316e+11 1.3263e+11 1.3263e+11 2.2106e+10 0.0000e+00 11717.59668 75.41 0.27871 0.33984 0.00000 -23.63808 -5.11691 40.08734 0.00000 0.00000 0.00000 0.00000 0.00000 3.3872 2.8988e+09 1.3263e+11 0 0.0000e+00 0.0000e+00 0.0000e+00
14 -1 1.7684e+11 127.15 161.85 95.255 14.984 30 82.39360 58.37342 52.21016 242.30 -682.27 74.89 8.847e+10 3.338e+11 -1.503e+11 0.13355 14.98405 2.4316e+11 1.7684e+11 1.7684e+11 0.0000e+00 0.0000e+00 14214.94434 54.83 0.22842 0.02392 0.00000 3.19824 -2.63803 56.21922 0.00000 0.00000 0.00000 0.00000 0.00000 1.2889 1.8931e+09 8.8422e+10 0 0.0000e+00 0.0000e+00 0.0000e+00
15 -1 4.6422e+11 159.78 322.86 131.400 49.246 193 79.96301 51.28125 33.95457 209.87 69.10 475.56 5.220e+10 1.169e+12 -9.955e+10 0.25966 49.24554 8.1791e+11 4.2001e+11 4.2001e+11 0.0000e+00 0.0000e+00 4798.16455 100.71 0.14259 0.00000 0.00000 25.45166 3.60870 72.47925 0.00000 0.00000 0.00000 0.00000 0.00000 3.4397 1.6918e+09 6.4106e+11 0 0.0000e+00 0.0000e+00 0.0000e+00
16 -1 3.3158e+11 143.29 272.17 117.459 40.888 105 80.23695 51.40648 34.05627 46.77 -102.13 47.15 1.698e+11 1.140e+12 5.977e+10 0.47178 40.88802 4.8632e+11 2.8737e+11 2.8737e+11 1.7684e+11 0.0000e+00 6727.36816 172.02 0.24558 0.15461 0.01303 53.99174 6.28667 54.10605 0.66209 0.12347 12.96668 35.50339 2.62397 3.4709 1.9420e+09 4.6422e+11 0 0.0000e+00 0.0000e+00 0.0000e+00
17 -1 7.7369e+11 190.80 380.27 155.792 50.591 226 43.16350 36.18774 22.44414 285.87 -160.85 -69.16 -1.189e+12 -2.242e+11 1.024e+12 0.13447 50.59101 1.4590e+12 7.0738e+11 7.0738e+11 1.5474e+11 2.2106e+10 1732.37952 33.17 0.08214 0.91767 0.37281 33.17992 -2.48391 -22.83231 0.38175 0.00000 19.13258 -0.88065 -15.85986 2.9452 4.0077e+09 1.0832e+12 0 0.0000e+00 0.0000e+00 0.0000e+00
18 -1 4.4211e+10 76.04 241.29 60.007 13.478 25 13.25872 42.32529 83.14194 -601.07 -323.13 8.68 0.000e+00 0.000e+00 0.000e+00 0.00000 13.47824 4.4211e+10 2.2106e+10 2.2106e+10 2.2106e+10 0.0000e+00 47103.40234 341.24 0.00000 0.00000 0.00000 0.00000 0.00000 0.00000 0.00000 0.00000 0.00000 0.00000 0.00000 0.0000 2.6828e+09 2.2106e+10 0 0.0000e+00 0.0000e+00 0.0000e+00
19 -1 2.6527e+11 140.21 388.53 109.040 21.857 257 62.04974 81.00373 23.61595 -323.41 -4.65 298.27 5.093e+11 -1.067e+11 -1.899e+11 0.47604 21.85745 5.0843e+11 2.2106e+11 2.2106e+11 1.1053e+11 0.0000e+00 8722.79785 141.59 0.17089 0.38920 0.20820 13.38873 -7.11434 32.42231 0.43152 0.28135 10.57581 -7.32744 21.44691 5.8332 2.7854e+09 2.2106e+11 0 0.0000e+00 0.0000e+00 0.0000e+00
20 -1 2.6527e+11 139.61 307.04 109.040 22.561 56 28.15597 5.64110 35.64700 391.34 16.92 -287.65 7.443e+10 6.124e+11 4.584e+11 0.48454 22.56065 4.4211e+11 2.4316e+11 2.4316e+11 1.1053e+11 0.0000e+00 3816.05273 134.58 0.23714 0.11513 0.00396 -26.22880 -15.14983 36.82235 0.56335 0.23210 -2.44061 -14.01892 24.20842 3.5015 3.5314e+09 2.4316e+11 0 0.0000e+00 0.0000e+00 0.0000e+00
21 -1 2.6527e+11 138.52 369.36 109.040 23.976 124 24.43114 81.33279 72.68356 -142.25 -298.69 -194.32 -6.513e+10 6.955e+11 -2.641e+11 0.60389 23.97632 4.4211e+11 2.6527e+11 2.6527e+11 0.0000e+00 0.0000e+00 9309.60352 61.96 0.23042 0.14016 0.00000 58.52796 -18.90870 25.99241 0.00000 0.00000 0.00000 0.00000 0.00000 7.1167 1.8791e+09 2.4316e+11 0 0.0000e+00 0.0000e+00 0.0000e+00
22 -1 3.3158e+11 150.35 294.96 117.459 24.349 95 24.30479 81.33789 73.11986 -499.43 -265.87 81.68 6.651e+11 7.999e+11 2.092e+11 0.41634 24.34872 4.6422e+11 3.3158e+11 3.3158e+11 1.9895e+11 0.0000e+00 7460.83154 114.26 0.22572 0.54763 0.28029 -15.53543 -21.78890 36.50029 0.00000 0.00000 19.09828 20.53833 -1.99890 3.3568 2.6153e+09 2.8737e+11 0 0.0000e+00 0.0000e+00 0.0000e+00
23 -1 4.8632e+11 163.08 332.51 133.454 45.012 212 39.74015 45.34686 7.89083 -154.47 -371.61 155.93 -7.897e+11 -1.979e+11 -1.640e+12 0.35308 45.01193 6.6317e+11 3.9790e+11 3.9790e+11 1.1053e+11 0.0000e+00 2791.52612 56.37 0.20567 0.56930 0.28876 -20.27463 8.55897 32.70932 0.16547 0.00000 -0.76723 8.20540 34.28753 3.2474 2.2024e+09 6.8527e+11 0 0.0000e+00 0.0000e+00 0.0000e+00
24 -1 1.1053e+11 102.50 184.36 81.442 19.391 181 40.02912 73.35255 12.03706 -534.10 54.82 492.50 -9.297e+09 -1.007e+11 -2.680e+10 0.15983 19.39113 1.9895e+11 1.1053e+11 1.1053e+11 4.4211e+10 0.0000e+00 16879.28906 74.39 0.13888 0.44043 0.00000 33.00111 -4.89230 -8.97808 0.00000 0.00000 0.00000 0.00000 0.00000 2.5714 1.9880e+09 1.1053e+11 0 0.0000e+00 0.0000e+00 0.0000e+00
25 -1 2.8737e+11 140.62 299.01 111.988 27.209 58 60.70813 72.74973 16.52756 -186.43 621.22 443.54 -7.333e+11 9.318e+11 4.044e+11 0.63765 27.20894 3.0948e+11 2.8737e+11 2.8737e+11 4.4211e+10 0.0000e+00 7415.05908 69.38 0.33826 0.21230 0.00000 31.67036 5.93961 -0.47690 0.00000 0.00000 0.00000 0.00000 0.00000 4.3404 3.3267e+09 2.8737e+11 0 0.0000e+00 0.0000e+00 0.0000e+00
26 -1 1.7684e+11 116.24 241.56 95.255 32.987 171 21.53147 33.93899 52.16352 -351.24 -47.13 232.71 -3.668e+11 3.694e+11 7.625e+10 0.73297 32.98734 3.3158e+11 6.6317e+10 6.6317e+10 2.2106e+10 0.0000e+00 8215.77344 162.34 0.31906 0.68664 0.16073 9.27711 33.39919 -1.20378 0.00000 0.00000 0.00000 0.00000 0.00000 6.9825 2.2119e+09 2.4316e+11 0 0.0000e+00 0.0000e+00 0.0000e+00
27 -1 3.5369e+11 146.11 289.52 120.014 43.665 170 42.69017 43.31808 10.52787 -368.53 -90.52 78.04 -2.640e+11 1.742e+10 6.970e+10 0.08869 43.66503 5.3053e+11 2.8737e+11 2.8737e+11 0.0000e+00 0.0000e+00 3846.97266 31.93 0.05225 0.19121 0.00855 63.45211 5.38918 58.70673 0.00000 0.00000 0.00000 0.00000 0.00000 3.3053 1.3986e+09 3.9790e+11 0 0.0000e+00 0.0000e+00 0.0000e+00
28 -1 3.5369e+11 147.64 237.23 120.014 36.517 167 68.69417 7.49041 50.97199 -166.98 -121.05 178.13 3.892e+11 3.908e+11 -1.697e+11 0.13929 36.51681 4.2001e+11 2.8737e+11 2.8737e+11 6.6317e+10 0.0000e+00 5367.54150 19.69 0.11024 0.50133 0.00877 0.24249 24.34872 19.16176 0.00000 0.00000 0.00000 0.00000 0.00000 2.4202 2.6366e+09 3.9790e+11 0 0.0000e+00 0.0000e+00 0.0000e+00
29 -1 6.8527e+11 184.01 358.94 149.616 45.658 161 65.76881 60.51575 25.03153 -47.97 -128.73 219.81 1.469e+11 5.487e+11 9.246e+10 0.05731 45.65820 1.1495e+12 6.6317e+11 6.6317e+11 2.8737e+11 0.0000e+00 2988.01001 68.72 0.03651 0.27612 0.11378 10.58429 33.37953 -30.84770 0.35493 0.00000 -0.19753 23.52284 -9.39375 2.5016 2.7565e+09 7.7369e+11 0 0.0000e+00 0.0000e+00 0.0000e+00
30 -1 2.8737e+11 142.46 308.08 111.988 24.368 154 14.56682 41.74672 67.42461 219.31 -208.56 -213.75 -9.588e+11 -4.950e+11 7.597e+11 0.74935 24.36771 5.0843e+11 2.6527e+11 2.6527e+11 1.5474e+11 0.0000e+00 6186.40723 115.37 0.35630 0.36171 0.00843 27.36914 12.26231 -2.76514 0.02756 0.00000 27.81262 12.23924 -6.17832 4.5067 2.9844e+09 2.6527e+11 0 0.0000e+00 0.0000e+00 0.0000e+00
31 -1 3.0948e+11 150.73 212.27 114.789 19.959 75 21.17509 37.07078 4.86207 127.37 -156.70 -45.68 3.273e+11 -8.969e+10 2.937e+11 0.11595 19.95862 3.0948e+11 2.8737e+11 2.8737e+11 0.0000e+00 0.0000e+00 3070.48291 14.79 0.10709 0.14253 0.00000 -29.99629 -6.93078 44.36706 0.00000 0.00000 0.00000 0.00000 0.00000 1.9971 1.6966e+09 1.7684e+11 0 0.0000e+00 0.0000e+00 0.0000e+00
32 -1 3.5369e+11 148.73 246.68 120.014 33.332 150 36.87312 81.76964 29.91298 23.18 152.33 360.46 -1.015e+12 -1.100e+11 -1.860e+11 0.29901 33.33248 5.3053e+11 3.5369e+11 3.5369e+11 6.6317e+10 0.0000e+00 5898.32959 126.51 0.19824 0.33560 0.09860 21.69337 -16.75367 39.78095 0.00000 0.00000 0.00000 0.00000 0.00000 2.6593 2.3336e+09 3.7579e+11 0 0.0000e+00 0.0000e+00 0.0000e+00
33 -1 1.7684e+11 117.73 188.76 95.255 27.297 33 31.85376 19.69920 48.94163 194.02 -2.07 -182.29 -3.119e+11 -1.787e+11 -7.717e+10 0.30013 27.29665 2.2106e+11 1.7684e+11 1.7684e+11 2.2106e+10 0.0000e+00 7694.92285 70.43 0.22296 0.75676 0.36713 30.58861 -8.10058 14.08822 0.00000 0.00000 0.00000 0.00000 0.00000 2.7673 2.3361e+09 1.7684e+11 0 0.0000e+00 0.0000e+00 0.0000e+00
34 -1 4.4211e+11 157.71 320.81 129.281 44.999 146 48.94291 3.23533 5.22850 -224.90 74.65 -202.62 1.662e+11 1.888e+11 -9.845e+11 0.24187 44.99879 7.5159e+11 3.9790e+11 3.9790e+11 1.3263e+11 6.6317e+10 2464.11450 118.14 0.13381 0.32401 0.02232 27.01908 7.93729 -8.11252 0.35729 0.00788 16.25572 13.11633 -7.16851 3.1865 4.0842e+09 6.6317e+11 0 0.0000e+00 0.0000e+00 0.0000e+00
35 -1 3.3158e+11 147.27 292.97 117.459 28.947 137 17.52506 63.85421 74.66885 93.02 -73.49 -32.80 4.926e+11 5.261e+11 6.607e+11 0.40421 28.94746 6.1896e+11 3.3158e+11 3.3158e+11 1.9895e+11 0.0000e+00 6662.52881 149.91 0.20798 0.87909 0.48136 29.95115 12.18638 5.55597 0.73270 0.03943 20.21891 17.29293 10.74414 3.4574 2.2480e+09 3.3158e+11 0 0.0000e+00 0.0000e+00 0.0000e+00
36 -1 2.4316e+11 130.00 304.15 105.922 33.292 137 56.03501 64.88068 34.05387 -348.64 -414.76 252.79 4.694e+11 -8.184e+11 3.433e+11 0.74589 33.29192 3.5369e+11 2.2106e+11 2.2106e+11 2.2106e+10 2.2106e+10 8379.70898 55.87 0.35810 0.66826 0.09046 21.45107 8.78883 9.11717 0.00000 0.00000 0.00000 0.00000 0.00000 4.6115 4.4038e+09 2.6527e+11 0 0.0000e+00 0.0000e+00 0.0000e+00
37 -1 3.3158e+11 142.94 247.00 117.459 43.163 136 30.10530 42.20314 8.98922 -23.10 -85.06 -182.30 -6.581e+11 4.465e+10 4.158e+11 0.22672 43.16308 4.8632e+11 2.8737e+11 2.8737e+11 4.4211e+10 2.2106e+10 3493.45215 57.50 0.16585 0.18599 0.03177 11.69458 48.57967 1.90441 0.00000 0.00000 0.00000 0.00000 0.00000 2.3508 3.9640e+09 3.9790e+11 0 0.0000e+00 0.0000e+00 0.0000e+00
38 -1 1.9895e+11 122.45 192.60 99.069 28.361 57 13.84868 44.26694 83.36609 89.03 -553.62 -267.66 1.671e+11 -2.478e+11 1.794e+10 0.26110 28.36128 3.7579e+11 1.9895e+11 1.9895e+11 0.0000e+00 0.0000e+00 10596.19922 191.39 0.14919 0.59924 0.11692 -13.96298 41.60373 -20.13102 0.00000 0.00000 0.00000 0.00000 0.00000 3.7910 1.6751e+09 2.2106e+11 0 0.0000e+00 0.0000e+00 0.0000e+00
39 -1 2.6527e+11 147.22 266.94 109.040 16.062 128 7.95103 49.83919 36.86794 -574.41 265.32 407.73 1.939e+11 8.630e+10 4.195e+11 0.23673 16.06192 3.5369e+11 2.6527e+11 2.6527e+11 1.3263e+11 0.0000e+00 5207.70703 38.69 0.14506 0.33798 0.04346 -24.40073 -14.50069 47.53649 0.69624 0.03094 -22.81898 26.90374 -14.19878 3.0171 1.6249e+09 1.3263e+11 0 0.0000e+00 0.0000e+00 0.0000e+00
40 -1 1.9895e+11 125.08 182.95 99.069 22.930 125 30.42510 39.76542 80.65839 -283.75 -13.10 -222.91 -4.352e+11 -6.682e+10 -1.821e+10 0.22501 22.92984 2.6527e+11 1.9895e+11 1.9895e+11 8.8422e+10 0.0000e+00 10543.10547 36.41 0.21960 0.20056 0.04333 -12.77575 42.24998 16.25788 0.75014 0.36951 1.77586 25.23952 -0.26975 1.7793 2.3646e+09 1.9895e+11 0 0.0000e+00 0.0000e+00 0.0000e+00
41 -1 2.4316e+11 148.70 296.51 105.922 12.717 95 35.80742 4.92954 34.70044 -23.03 350.14 119.99 -1.786e+11 -1.621e+11 3.605e+11 0.32073 12.71672 3.3158e+11 2.4316e+11 2.4316e+11 1.9895e+11 0.0000e+00 4562.62158 108.47 0.15473 0.38977 0.05121 21.05797 13.92106 -12.86716 0.00000 0.00000 -12.29858 -10.30207 13.08823 4.0494 3.5516e+09 1.1053e+11 0 0.0000e+00 0.0000e+00 0.0000e+00
42 -1 3.3158e+11 165.83 284.90 117.459 13.718 121 71.53426 37.66284 59.71953 170.57 178.88 -184.17 1.891e+11 -5.176e+11 6.031e+11 0.27949 13.71805 5.9685e+11 3.3158e+11 3.3158e+11 3.0948e+11 2.2106e+10 6706.51855 41.13 0.17377 0.18119 0.04411 -3.88501 7.32051 64.15008 0.20398 0.15293 32.74321 -5.22828 -12.30534 2.7566 4.2160e+09 8.8422e+10 0 0.0000e+00 0.0000e+00 0.0000e+00
43 -1 4.4211e+10 79.10 101.47 60.007 10.179 53 69.21065 75.10896 39.26391 -285.39 73.39 -221.10 -5.300e+10 3.790e+10 9.223e+10 2.16581 10.17854 6.6317e+10 4.4211e+10 4.4211e+10 0.0000e+00 0.0000e+00 54701.24219 313.55 0.69023 0.00000 0.00000 0.00000 0.00000 0.00000 0.00000 0.00000 0.00000 0.00000 0.00000 0.0000 2.0883e+09 2.2106e+10 0 0.0000e+00 0.0000e+00 0.0000e+00
44 -1 6.6317e+10 91.96 172.89 68.691 10.620 66 69.37753 75.10594 39.70345 110.69 -539.48 29.58 1.744e+10 -2.308e+10 4.348e+10 0.14349 10.61968 6.6317e+10 6.6317e+10 6.6317e+10 0.0000e+00 0.0000e+00 36553.11328 183.84 0.16241 0.00000 0.00000 0.00000 0.00000 0.00000 0.00000 0.00000 0.00000 0.00000 0.00000 3.3705 1.9905e+09 2.2106e+10 0 0.0000e+00 0.0000e+00 0.0000e+00
45 -1 4.6422e+11 162.59 338.51 131.400 37.153 118 61.44134 66.66634 33.90933 4.84 -84.41 258.13 2.632e+10 -1.538e+11 1.511e+12 0.33695 37.15281 9.0633e+11 4.6422e+11 4.6422e+11 1.9895e+11 2.2106e+10 4605.68555 111.25 0.18445 0.67897 0.18394 -18.99313 0.27850 34.00532 0.20610 0.00000 11.89268 22.67413 29.43182 3.0995 4.0430e+09 5.7474e+11 0 0.0000e+00 0.0000e+00 0.0000e+00
46 -1 4.4211e+11 156.79 283.47 129.281 52.788 108 11.33734 11.79479 80.26743 417.06 267.05 -328.24 6.326e+11 1.220e+12 3.936e+11 0.27815 52.78822 6.1896e+11 2.8737e+11 2.8737e+11 2.2106e+10 0.0000e+00 4105.13818 53.91 0.18831 0.22975 0.00000 40.77766 54.09545 34.26867 0.00000 0.00000 0.00000 0.00000 0.00000 2.9499 2.3674e+09 6.8527e+11 0 0.0000e+00 0.0000e+00 0.0000e+00
47 -1 1.9895e+11 156.67 244.39 99.069 7.082 106 37.84615 39.08964 67.63977 -328.39 -407.39 -234.19 3.055e+11 4.026e+11 -2.100e+11 0.51312 7.08207 3.5369e+11 1.9895e+11 1.9895e+11 1.1053e+11 4.4211e+10 9654.16797 135.11 0.27272 0.21907 0.04444 24.03044 -8.61282 15.98886 0.62124 0.13095 6.17360 -5.89208 9.68330 3.4814 7.3553e+09 4.4211e+10 0 0.0000e+00 0.0000e+00 0.0000e+00
48 -1 4.2001e+11 167.91 308.86 127.089 21.261 103 83.20592 26.96488 63.27357 154.07 252.50 -53.57 7.301e+11 3.685e+11 -4.277e+11 0.21813 21.26071 7.2948e+11 3.3158e+11 3.3158e+11 2.6527e+11 2.2106e+10 5689.79639 84.87 0.13239 0.84312 0.34449 22.85231 -14.13960 -16.21889 0.24008 0.07055 -13.59676 -20.48817 24.71737 2.7514 3.8649e+09 2.6527e+11 0 0.0000e+00 0.0000e+00 0.0000e+00
49 -1 5.3053e+11 171.11 322.20 137.381 36.136 103 60.16966 33.85078 28.17527 -510.22 195.60 33.75 -1.425e+12 4.593e+11 -8.133e+11 0.25539 36.13600 1.0390e+12 5.0843e+11 5.0843e+11 1.7684e+11 0.0000e+00 3105.59546 50.22 0.16558 0.11124 0.01169 33.52286 -1.18684 -32.84645 0.45881 0.00000 -11.52874 -4.14402 21.34527 2.5682 3.2842e+09 5.7474e+11 0 0.0000e+00 0.0000e+00 0.0000e+00
50 -1 3.5369e+11 155.48 305.57 120.014 22.816 102 23.84705 80.47627 71.91188 359.98 -273.52 -33.84 2.769e+11 -1.241e+11 8.593e+11 0.30128 22.81604 6.1896e+11 3.5369e+11 3.5369e+11 1.5474e+11 2.2106e+10 6913.62598 51.46 0.17408 0.17413 0.00439 -27.58933 26.25575 35.21957 0.67340 0.12775 -11.42560 5.88320 15.38334 2.9690 5.0341e+09 2.8737e+11 0 0.0000e+00 0.0000e+00 0.0000e+00
51 -1 1.7684e+11 121.26 200.65 95.255 20.601 102 27.43700 39.66005 71.77811 18.11 -277.43 -207.17 5.708e+10 3.198e+11 1.970e+11 0.37249 20.60093 2.4316e+11 1.7684e+11 1.7684e+11 0.0000e+00 0.0000e+00 10813.27832 83.71 0.23038 0.91743 0.60682 -6.08513 -11.72062 33.25489 0.00000 0.00000 0.00000 0.00000 0.00000 3.6628 1.7270e+09 1.3263e+11 0 0.0000e+00 0.0000e+00 0.0000e+00
52 -1 2.4316e+11 129.67 303.31 105.922 34.640 98 30.40678 40.56079 16.42636 92.38 111.74 -113.99 4.274e+11 -1.294e+11 -5.113e+11 0.51899 34.64033 3.3158e+11 2.2106e+11 1.9895e+11 4.4211e+10 0.0000e+00 4842.32666 33.57 0.24213 0.19073 0.04049 47.84766 38.78046 -29.07211 0.00000 0.00000 0.00000 0.00000 0.00000 5.1374 2.2053e+09 2.8737e+11 0 0.0000e+00 0.0000e+00 0.0000e+00
53 -1 2.6527e+11 137.23 303.77 109.040 25.956 97 84.04504 49.98687 53.15907 307.45 -324.10 -495.18 -9.890e+10 4.959e+11 6.511e+10 0.31807 25.95623 3.7579e+11 2.6527e+11 2.6527e+11 1.5474e+11 0.0000e+00 9263.81348 94.87 0.15731 0.29595 0.18774 -7.94794 44.59641 6.94914 0.51396 0.00000 -8.17199 12.89584 18.85921 4.2053 3.0993e+09 2.6527e+11 0 0.0000e+00 0.0000e+00 0.0000e+00
54 -1 5.0843e+11 165.61 291.46 135.446 45.196 95 19.42973 46.95041 47.67619 -335.89 -154.51 149.91 1.990e+09 -2.582e+11 7.620e+11 0.10644 45.19593 9.9475e+11 4.2001e+11 4.2001e+11 8.8422e+10 0.0000e+00 3029.39185 73.05 0.08393 0.83156 0.29888 -36.63904 32.51727 5.92095 0.39311 0.19831 22.24957 20.48464 -18.20035 1.9503 2.3448e+09 6.4106e+11 0 0.0000e+00 0.0000e+00 0.0000e+00
55 -1 2.6527e+11 145.60 286.20 109.040 17.115 95 55.11161 42.67429 20.35158 -2.06 -52.97 317.21 4.843e+11 1.432e+11 -1.018e+11 0.31199 17.11518 3.7579e+11 2.4316e+11 2.4316e+11 1.5474e+11 6.6317e+10 6048.81201 78.15 0.15894 0.33125 0.06371 -24.53515 33.48161 -15.12457 0.64277 0.13220 -7.04454 -5.04623 15.79005 3.6861 3.9514e+09 1.5474e+11 0 0.0000e+00 0.0000e+00 0.0000e+00
56 -1 2.8737e+11 140.82 272.99 111.988 26.874 94 51.70589 29.77117 13.48265 -18.41 265.26 298.30 -6.405e+11 -7.886e+10 1.546e+11 0.29243 26.87403 4.8632e+11 2.8737e+11 2.8737e+11 1.1053e+11 0.0000e+00 4718.24902 42.63 0.17917 0.26323 0.00133 16.11388 27.15827 47.09192 0.00000 0.00000 -8.30841 32.72438 13.92269 2.8742 2.0135e+09 2.8737e+11 0 0.0000e+00 0.0000e+00 0.0000e+00
57 -1 2.4316e+11 130.31 257.15 105.922 32.191 93 33.09678 26.56586 46.83843 -282.07 -465.21 -281.48 3.944e+11 -7.543e+10 2.315e+11 0.26925 32.19134 4.4211e+11 2.2106e+11 2.2106e+11 8.8422e+10 2.2106e+10 5757.32227 75.52 0.16533 0.10123 0.00000 23.40441 -17.27930 -22.64420 0.75253 0.03312 17.56960 -6.65503 -8.09513 3.0723 3.8159e+09 2.6527e+11 0 0.0000e+00 0.0000e+00 0.0000e+00
58 -1 2.4316e+11 130.45 221.98 105.922 31.735 91 66.35426 36.49399 59.80551 182.54 -137.38 -55.83 4.824e+11 8.623e+10 -1.539e+11 0.24790 31.73490 4.2001e+11 1.9895e+11 1.9895e+11 0.0000e+00 0.0000e+00 8772.49316 17.98 0.18320 0.00000 0.00000 23.91052 40.35187 17.76123 0.00000 0.00000 0.00000 0.00000 0.00000 2.4657 2.1332e+09 2.4316e+11 0 0.0000e+00 0.0000e+00 0.0000e+00
59 -1 2.6527e+11 136.70 248.13 109.040 26.889 58 50.00212 84.43401 4.37704 188.62 -16.47 -138.74 -1.642e+11 1.525e+11 -7.294e+10 0.10792 26.88903 3.5369e+11 2.6527e+11 2.6527e+11 1.3263e+11 0.0000e+00 8193.17188 34.38 0.07273 0.67035 0.13089 -13.91503 6.73961 29.67695 0.56893 0.02798 -16.82844 10.56559 15.87896 2.6151 3.0370e+09 2.6527e+11 0 0.0000e+00 0.0000e+00 0.0000e+00
60 -1 1.9895e+11 122.13 166.23 99.069 29.312 33 50.29601 84.12266 4.31097 -143.38 341.10 -127.23 2.161e+11 1.204e+11 -1.410e+11 0.13709 29.31213 3.0948e+11 1.7684e+11 1.7684e+11 8.8422e+10 0.0000e+00 10906.24707 9.58 0.14192 0.00000 0.00000 26.59988 23.68164 37.89711 0.66321 0.34489 11.87891 34.26690 13.79202 1.9256 1.6946e+09 2.2106e+11 0 0.0000e+00 0.0000e+00 0.0000e+00
61 -1 3.9790e+11 158.77 273.30 124.819 27.176 90 82.99622 29.72971 30.11631 37.16 372.88 70.54 -4.519e+11 3.805e+11 -4.266e+11 0.15605 27.17583 7.0738e+11 3.3158e+11 3.3158e+11 2.2106e+11 4.4211e+10 5172.14014 74.21 0.11437 0.39781 0.33500 33.04465 -15.19864 -11.08985 0.55500 0.00000 17.42974 -5.77877 3.28982 2.1412 4.0095e+09 3.3158e+11 0 0.0000e+00 0.0000e+00 0.0000e+00
62 -1 2.8737e+11 153.68 231.76 111.988 15.100 87 73.33989 40.09489 83.95102 169.01 -13.74 247.99 1.599e+11 -3.322e+11 8.357e+11 0.31616 15.10015 5.5264e+11 2.6527e+11 2.6527e+11 2.2106e+11 0.0000e+00 9112.48047 105.31 0.24663 0.16236 0.03515 32.01377 -6.88759 -25.59255 0.21734 0.00000 27.51021 -3.79365 -21.23947 1.9944 3.3744e+09 1.3263e+11 0 0.0000e+00 0.0000e+00 0.0000e+00
63 -1 2.4316e+11 129.99 253.09 105.922 33.340 86 31.39412 36.26252 74.99575 -198.64 110.38 -239.40 2.555e+11 -4.097e+09 2.716e+10 0.15234 33.34037 4.4211e+11 1.7684e+11 1.7684e+11 4.4211e+10 0.0000e+00 8108.30957 69.93 0.09166 0.74476 0.00443 9.61270 30.41343 4.11999 0.00000 0.00000 0.00000 0.00000 0.00000 3.3204 2.4108e+09 3.0948e+11 0 0.0000e+00 0.0000e+00 0.0000e+00
64 -1 2.2106e+11 137.95 247.94 102.610 15.487 83 47.02605 36.38694 19.53943 -106.54 -79.18 65.88 1.380e+11 -2.111e+11 2.420e+11 0.23293 15.48668 3.3158e+11 2.2106e+11 2.2106e+11 1.5474e+11 0.0000e+00 6258.50146 39.77 0.14613 0.77093 0.00190 11.58313 27.39310 8.22998 0.52431 0.09427 17.97626 22.68376 14.85164 2.7196 2.3561e+09 1.5474e+11 0 0.0000e+00 0.0000e+00 0.0000e+00
65 -1 3.0948e+11 142.55 262.68 114.789 31.143 82 38.65919 19.48652 2.01300 -11.55 57.37 16.28 -3.705e+11 -2.191e+11 -4.468e+11 0.21548 31.14329 5.7474e+11 3.0948e+11 3.0948e+11 0.0000e+00 0.0000e+00 3087.15308 39.96 0.14805 0.36590 0.00000 30.05367 34.24333 3.76087 0.00000 0.00000 0.00000 0.00000 0.00000 2.4515 1.7443e+09 3.5369e+11 0 0.0000e+00 0.0000e+00 0.0000e+00
66 -1 2.6527e+11 166.70 270.95 109.040 8.932 81 35.97110 21.29761 50.77163 -593.65 268.77 -426.54 -2.763e+11 -1.555e+11 6.163e+10 0.16247 8.93179 4.2001e+11 2.4316e+11 2.4316e+11 1.7684e+11 1.1053e+11 5478.21338 137.61 0.09966 0.51677 0.15873 4.64305 16.01763 -3.52997 0.30023 0.07845 7.84355 19.05318 -9.81514 2.2261 6.7385e+09 1.1053e+11 0 0.0000e+00 0.0000e+00 0.0000e+00
67 -1 4.2001e+11 154.27 273.61 127.089 50.134 81 21.05222 33.63862 82.93575 14.16 162.98 -46.56 2.560e+11 3.693e+11 -3.965e+11 0.11860 50.13446 7.9580e+11 3.3158e+11 3.3158e+11 1.5474e+11 2.2106e+10 4834.27783 56.52 0.08597 0.24496 0.06804 -7.33497 -5.56370 20.42786 0.25811 0.00000 -4.29204 -2.46735 14.76129 2.3463 6.5020e+09 5.9685e+11 0 0.0000e+00 0.0000e+00 0.0000e+00
68 -1 2.4316e+11 137.86 266.10 105.922 19.512 79 61.69491 16.96363 84.09448 114.27 -129.92 -72.83 5.129e+10 2.919e+11 -1.192e+11 0.19793 19.51209 3.5369e+11 2.4316e+11 2.4316e+11 1.1053e+11 2.2106e+10 9610.29199 16.21 0.11393 0.83102 0.16826 6.14141 33.94788 -8.70642 0.49397 0.30272 -6.31009 14.21396 -12.99360 3.2532 4.4406e+09 1.7684e+11 0 0.0000e+00 0.0000e+00 0.0000e+00
69 -1 3.5369e+11 153.35 258.12 120.014 25.223 79 53.95491 6.77847 1.78449 -64.07 12.68 -170.32 1.210e+11 5.783e+11 -4.570e+11 0.18577 25.22307 5.9685e+11 3.5369e+11 3.5369e+11 2.2106e+11 0.0000e+00 3395.35522 56.38 0.14268 0.48063 0.09933 10.00707 37.06553 18.39162 0.34155 0.00000 11.87987 23.78676 4.19704 2.0731 2.7742e+09 3.0948e+11 0 0.0000e+00 0.0000e+00 0.0000e+00
70 -1 2.4316e+11 131.79 262.98 105.922 28.155 78 52.82222 47.43864 56.48441 -256.69 -31.62 -184.09 -3.545e+11 -5.546e+11 1.939e+11 0.42977 28.15516 4.2001e+11 2.4316e+11 2.4316e+11 0.0000e+00 0.0000e+00 8255.25781 91.11 0.24474 0.59833 0.00000 -10.51698 41.90203 -22.75830 0.00000 0.00000 0.00000 0.00000 0.00000 3.3894 1.8935e+09 2.4316e+11 0 0.0000e+00 0.0000e+00 0.0000e+00
71 -1 3.5369e+11 148.05 244.52 120.014 35.192 78 31.57014 40.47231 20.38217 98.63 -136.03 -202.33 -4.493e+11 1.965e+11 -5.769e+11 0.19111 35.19170 3.9790e+11 2.8737e+11 2.8737e+11 6.6317e+10 0.0000e+00 3472.38159 36.29 0.14464 0.92718 0.40239 6.67250 -1.09374 36.48400 0.00000 0.00000 0.00000 0.00000 0.00000 2.5517 2.9469e+09 4.4211e+11 0 0.0000e+00 0.0000e+00 0.0000e+00
72 -1 1.7684e+11 119.45 270.37 95.255 23.444 74 49.96268 82.91238 21.00931 -114.91 -168.30 295.32 -4.296e+11 1.766e+11 -3.540e+10 0.61371 23.44448 3.0948e+11 1.7684e+11 1.7684e+11 2.2106e+10 0.0000e+00 12384.65723 79.93 0.28249 0.61005 0.07125 26.90804 -9.97551 25.09874 0.00000 0.00000 0.00000 0.00000 0.00000 5.6922 2.2391e+09 1.7684e+11 0 0.0000e+00 0.0000e+00 0.0000e+00
73 -1 8.8422e+10 98.02 174.12 75.604 14.297 73 22.02825 2.86208 81.48542 189.50 167.22 221.32 -9.684e+10 1.313e+11 7.097e+10 0.83419 14.29731 1.3263e+11 8.8422e+10 8.8422e+10 2.2106e+10 0.0000e+00 21113.79102 145.60 0.34255 0.59814 0.00000 3.15655 22.16106 20.51661 0.00000 0.00000 0.00000 0.00000 0.00000 13.0354 2.4983e+09 4.4211e+10 0 0.0000e+00 0.0000e+00 0.0000e+00
74 -1 1.5474e+11 110.40 237.66 91.108 39.008 73 47.09837 2.51445 35.04552 -337.70 39.82 -241.34 6.781e+11 -3.276e+11 -1.052e+11 1.16170 39.00802 2.2106e+11 1.3263e+11 1.3263e+11 4.4211e+10 2.2106e+10 8388.04297 55.36 0.57607 0.24341 0.00000 18.67022 1.87831 -18.23881 0.00000 0.00000 0.00000 0.00000 0.00000 5.5486 4.4411e+09 2.2106e+11 0 0.0000e+00 0.0000e+00 0.0000e+00
75 -1 4.4211e+10 91.75 213.44 60.007 4.913 71 12.78992 61.93854 29.25176 -87.22 -625.60 263.26 -4.500e+08 -1.979e+09 -6.196e+10 0.52739 4.91341 6.6317e+10 4.4211e+10 4.4211e+10 4.4211e+10 0.0000e+00 34855.99609 391.78 0.37891 0.00000 0.00000 0.00000 0.00000 0.00000 0.00000 0.00000 0.00000 0.00000 0.00000 0.0000 2.1172e+09 0.0000e+00 0 0.0000e+00 0.0000e+00 0.0000e+00
76 -1 2.8737e+11 136.96 271.72 111.988 37.227 71 28.47739 81.24614 14.90484 66.05 224.55 -249.69 -1.105e+11 1.233e+11 -1.434e+12 0.63015 37.22725 5.5264e+11 2.2106e+11 2.2106e+11 1.3263e+11 0.0000e+00 6708.05908 56.27 0.38971 0.19244 0.00000 27.74180 -3.09708 -21.05521 0.28717 0.00000 26.35003 -9.78841 -16.47849 2.6644 2.2856e+09 2.8737e+11 0 0.0000e+00 0.0000e+00 0.0000e+00
77 -1 2.4316e+11 128.54 264.65 105.922 42.266 69 71.45028 66.15498 45.48539 239.65 -142.84 -406.10 2.242e+11 -5.239e+11 -8.669e+10 0.36109 42.26598 4.4211e+11 1.5474e+11 1.5474e+11 1.1053e+11 0.0000e+00 9785.74121 94.99 0.20560 0.10769 0.00000 -29.53557 -37.42131 42.83417 0.53645 0.08219 -19.38891 -9.91216 25.05851 3.1582 1.9675e+09 3.7579e+11 0 0.0000e+00 0.0000e+00 0.0000e+00
78 -1 2.4316e+11 128.87 221.97 105.922 39.163 69 12.50300 33.74981 50.95108 40.03 120.21 381.21 2.390e+10 5.633e+11 3.182e+11 0.33096 39.16309 2.8737e+11 2.2106e+11 2.2106e+11 0.0000e+00 0.0000e+00 5686.41162 60.46 0.23091 0.05962 0.00000 24.33724 -25.65953 78.11661 0.00000 0.00000 0.00000 0.00000 0.00000 2.9645 1.2962e+09 2.6527e+11 0 0.0000e+00 0.0000e+00 0.0000e+00
79 -1 2.2106e+11 131.35 188.32 102.610 21.270 68 49.65279 13.78441 25.19872 -195.05 149.01 405.71 -7.073e+11 2.555e+11 2.511e+11 0.35520 21.27038 3.3158e+11 2.2106e+11 2.2106e+11 0.0000e+00 0.0000e+00 5732.96338 40.69 0.33147 0.00000 0.00000 -9.60159 25.38872 24.15466 0.00000 0.00000 0.00000 0.00000 0.00000 1.9539 2.0238e+09 1.7684e+11 0 0.0000e+00 0.0000e+00 0.0000e+00
80 -1 4.2001e+11 162.38 260.73 127.089 26.725 66 66.86501 21.34591 1.92044 -461.39 -59.98 156.02 -8.347e+11 7.612e+11 3.950e+11 0.18934 26.72492 7.9580e+11 4.2001e+11 4.2001e+11 2.2106e+11 0.0000e+00 3699.23462 49.97 0.17165 0.86371 0.47986 40.73605 10.76167 7.79268 0.48878 0.04302 44.15208 10.31857 -6.80179 1.6770 2.0411e+09 3.5369e+11 0 0.0000e+00 0.0000e+00 0.0000e+00
81 -1 3.5369e+11 155.43 272.30 120.014 22.870 65 55.63869 7.06700 65.47678 -290.50 121.16 -92.68 3.157e+10 8.645e+10 1.215e+11 0.03955 22.86976 6.8527e+11 3.5369e+11 3.5369e+11 1.3263e+11 2.2106e+10 5371.58350 22.85 0.02911 0.67426 0.15708 2.57555 38.85975 -15.90327 0.78318 0.21745 -8.84256 15.32524 -5.72170 2.1217 6.2611e+09 2.8737e+11 0 0.0000e+00 0.0000e+00 0.0000e+00
82 -1 1.5474e+11 110.42 215.37 91.108 38.664 65 40.22564 85.26672 34.83194 -345.55 207.89 29.82 -1.429e+11 -2.149e+11 8.867e+10 0.33645 38.66395 1.9895e+11 1.1053e+11 1.1053e+11 2.2106e+10 2.2106e+10 14346.61426 37.84 0.20673 0.39466 0.05943 5.93690 -14.23131 15.87731 0.00000 0.00000 0.00000 0.00000 0.00000 3.5905 4.9043e+09 1.7684e+11 0 0.0000e+00 0.0000e+00 0.0000e+00
83 -1 1.7684e+11 121.84 217.11 95.255 19.855 64 67.18542 24.04739 7.94762 -563.03 79.87 111.49 -3.445e+11 -7.066e+10 -1.829e+11 0.35946 19.85550 1.9895e+11 1.7684e+11 1.7684e+11 0.0000e+00 0.0000e+00 8978.99805 104.14 0.24040 0.77558 0.00265 4.91839 49.85311 -8.21041 0.00000 0.00000 0.00000 0.00000 0.00000 3.0742 1.5213e+09 1.5474e+11 0 0.0000e+00 0.0000e+00 0.0000e+00
84 -1 1.3263e+11 142.47 251.67 86.545 5.305 64 51.62913 20.97405 41.49388 -466.52 89.42 -692.49 -5.363e+10 1.429e+11 -1.496e+11 0.38525 5.30451 1.9895e+11 1.3263e+11 1.3263e+11 1.3263e+11 8.8422e+10 11585.47559 73.21 0.20931 0.39989 0.30195 -0.41455 19.74147 17.16194 0.46135 0.24621 -4.08813 15.19256 17.28065 3.4645 3.3208e+09 0.0000e+00 0 0.0000e+00 0.0000e+00 0.0000e+00
85 -1 1.9895e+11 128.31 235.33 99.069 18.875 62 70.33035 76.40342 40.59642 42.86 -559.04 -174.58 -4.621e+11 -2.641e+11 -3.052e+11 0.55831 18.87483 3.0948e+11 1.9895e+11 1.9895e+11 1.3263e+11 0.0000e+00 12380.68359 131.13 0.30574 0.00000 0.00000 29.28925 0.86975 49.77036 0.38353 0.28409 32.94233 14.66723 16.53116 3.3702 2.3002e+09 1.5474e+11 0 0.0000e+00 0.0000e+00 0.0000e+00
86 -1 3.0948e+11 140.98 248.90 114.789 35.732 62 50.72981 50.51757 23.74091 2.64 -349.66 183.13 7.627e+10 -9.633e+11 4.250e+10 0.31575 35.73160 5.3053e+11 2.8737e+11 2.8737e+11 0.0000e+00 0.0000e+00 5400.22656 53.11 0.23082 0.60402 0.00000 4.38245 47.51678 -4.28165 0.00000 0.00000 0.00000 0.00000 0.00000 2.4306 1.5212e+09 3.7579e+11 0 0.0000e+00 0.0000e+00 0.0000e+00
87 -1 1.9895e+11 134.64 235.77 99.069 14.070 62 24.66011 63.33299 10.61427 -130.91 -59.61 132.53 5.015e+10 -2.196e+10 -1.640e+11 0.14010 14.07037 3.5369e+11 1.9895e+11 1.9895e+11 6.6317e+10 0.0000e+00 7647.86963 32.40 0.08616 0.84235 0.55300 10.32058 -14.95212 26.76414 0.00000 0.00000 0.00000 0.00000 0.00000 2.8769 2.7419e+09 6.6317e+10 0 0.0000e+00 0.0000e+00 0.0000e+00
88 -1 1.9895e+11 121.23 213.31 99.069 32.611 60 66.65821 5.87289 50.74655 -20.34 90.54 -83.48 -3.033e+11 -4.746e+10 1.553e+11 0.26426 32.61091 3.5369e+11 1.3263e+11 1.3263e+11 0.0000e+00 0.0000e+00 9324.88379 63.37 0.17145 0.00000 0.00000 -12.68768 19.12928 53.70712 0.00000 0.00000 0.00000 0.00000 0.00000 3.1895 1.5745e+09 2.8737e+11 0 0.0000e+00 0.0000e+00 0.0000e+00
89 -1 8.8422e+10 97.25 231.74 75.604 15.118 60 33.52258 21.82854 40.95288 -605.28 154.93 532.16 1.063e+10 1.003e+11 9.026e+10 0.37807 15.11831 8.8422e+10 8.8422e+10 8.8422e+10 0.0000e+00 0.0000e+00 14293.19043 205.18 0.26053 0.61558 0.01631 40.24354 -12.08410 16.44267 0.00000 0.00000 0.00000 0.00000 0.00000 5.0357 1.4325e+09 6.6317e+10 0 0.0000e+00 0.0000e+00 0.0000e+00
90 -1 1.9895e+11 145.59 240.54 99.069 9.607 59 22.01650 77.43855 35.25967 542.55 -161.32 78.98 5.186e+11 7.028e+11 -4.164e+11 0.78601 9.60716 2.4316e+11 1.9895e+11 1.9895e+11 4.4211e+10 4.4211e+10 9754.54688 59.89 0.48221 0.23895 0.08028 14.88223 8.35187 10.98704 0.00000 0.00000 0.00000 0.00000 0.00000 3.3967 7.6782e+09 4.4211e+10 0 0.0000e+00 0.0000e+00 0.0000e+00
91 -1 4.4211e+10 76.61 126.26 60.007 12.693 58 25.38270 85.60569 29.50454 315.15 232.80 395.64 2.574e+10 1.774e+09 -4.349e+10 0.65171 12.69314 6.6317e+10 4.4211e+10 4.4211e+10 0.0000e+00 0.0000e+00 47008.46484 384.19 0.30907 0.00000 0.00000 0.00000 0.00000 0.00000 0.00000 0.00000 0.00000 0.00000 0.00000 0.0000 1.8865e+09 2.2106e+10 0 0.0000e+00 0.0000e+00 0.0000e+00
92 -1 1.9895e+11 120.02 225.40 99.069 43.355 58 51.72895 69.80035 29.68736 -166.14 27.51 338.74 4.792e+10 3.195e+11 3.108e+11 0.38024 43.35482 3.0948e+11 1.3263e+11 1.3263e+11 0.0000e+00 0.0000e+00 10211.43848 114.09 0.22342 0.06151 0.00000 45.51880 2.94858 -31.92327 0.00000 0.00000 0.00000 0.00000 0.00000 4.0608 1.8915e+09 2.6527e+11 0 0.0000e+00 0.0000e+00 0.0000e+00
93 -1 2.6527e+11 145.77 278.58 109.040 17.001 58 60.11534 49.12847 20.03149 -226.28 -70.71 399.08 3.385e+11 -2.538e+11 1.873e+11 0.24868 17.00086 4.8632e+11 2.6527e+11 2.6527e+11 1.5474e+11 0.0000e+00 6671.54688 14.75 0.14275 0.42645 0.06642 28.65138 27.60279 13.63847 0.37964 0.00000 5.88720 -14.41582 31.04838 3.0908 2.9273e+09 1.7684e+11 0 0.0000e+00 0.0000e+00 0.0000e+00
94 -1 1.1053e+11 99.33 140.05 81.442 28.509 58 14.38105 47.37672 24.89727 130.66 15.19 -5.48 5.192e+10 2.053e+11 -1.499e+11 0.42445 28.50850 1.5474e+11 6.6317e+10 6.6317e+10 0.0000e+00 0.0000e+00 11084.01270 43.05 0.34439 0.39186 0.23058 45.20990 -14.58055 -18.51914 0.00000 0.00000 0.00000 0.00000 0.00000 3.1419 1.8312e+09 1.3263e+11 0 0.0000e+00 0.0000e+00 0.0000e+00
95 -1 1.5474e+11 119.99 215.33 91.108 15.545 57 82.74515 58.93734 43.28449 46.64 -402.84 365.04 6.737e+10 4.316e+11 -1.208e+11 0.54819 15.54478 2.6527e+11 1.5474e+11 1.5474e+11 6.6317e+10 0.0000e+00 15786.90918 98.78 0.34335 0.72345 0.09633 10.33506 2.74985 30.53013 0.00000 0.00000 0.00000 0.00000 0.00000 3.2381 2.7677e+09 1.1053e+11 0 0.0000e+00 0.0000e+00 0.0000e+00
96 -1 1.5474e+11 163.98 200.85 91.108 4.059 56 79.97192 46.90796 53.70221 446.19 -211.86 -404.30 2.285e+11 -1.329e+10 2.883e+10 0.28920 4.05948 2.8737e+11 8.8422e+10 8.8422e+10 4.4211e+10 2.2106e+10 15296.84473 50.53 0.17475 0.35072 0.00000 1.80384 6.95414 -0.97571 0.00000 0.00000 0.00000 0.00000 0.00000 3.3742 1.2478e+10 2.2106e+10 0 0.0000e+00 0.0000e+00 0.0000e+00
97 -1 1.3263e+11 105.52 212.89 86.545 30.481 56 37.81071 36.62918 24.01201 289.95 -65.44 75.30 3.518e+11 8.014e+10 1.871e+11 0.73756 30.48116 2.4316e+11 8.8422e+10 8.8422e+10 4.4211e+10 0.0000e+00 9635.90820 41.39 0.39809 0.33327 0.00819 29.24234 33.57485 -27.26624 0.00000 0.00000 0.00000 0.00000 0.00000 4.6491 2.6268e+09 1.7684e+11 0 0.0000e+00 0.0000e+00 0.0000e+00
98 -1 1.1053e+11 99.62 270.99 81.442 27.001 55 23.42794 82.67908 75.55044 82.68 106.48 -475.52 5.198e+10 4.052e+10 -1.104e+11 0.42217 27.00104 1.1053e+11 8.8422e+10 8.8422e+10 2.2106e+10 0.0000e+00 22874.97266 98.85 0.17063 0.36913 0.00000 10.81059 35.87756 6.39689 0.00000 0.00000 0.00000 0.00000 0.00000 10.0287 2.3986e+09 1.5474e+11 0 0.0000e+00 0.0000e+00 0.0000e+00
99 -1 1.9895e+11 122.05 258.45 99.069 29.556 54 26.66326 33.10347 49.85213 -332.36 -250.64 -17.43 8.349e+10 8.201e+09 -1.872e+10 0.08541 29.55581 3.5369e+11 1.3263e+11 1.3263e+11 6.6317e+10 0.0000e+00 7262.86377 117.30 0.04284 0.21283 0.03773 12.12121 19.79510 34.92114 0.00000 0.00000 0.00000 0.00000 0.00000 4.7991 2.2558e+09 1.9895e+11 0 0.0000e+00 0.0000e+00 0.0000e+00
100 -1 2.8737e+11 138.67 256.20 111.988 31.382 54 4.34968 12.86594 76.23280 419.98 160.04 -243.57 -5.066e+10 2.172e+11 1.481e+11 0.10864 31.38216 5.3053e+11 2.6527e+11 2.6527e+11 8.8422e+10 6.6317e+10 5965.09180 32.40 0.07229 0.43369 0.00000 15.34518 11.86964 8.54196 0.85444 0.34454 11.20583 8.23321 9.02364 2.8349 4.1743e+09 2.8737e+11 0 0.0000e+00 0.0000e+00 0.0000e+00
101 -1 1.9895e+11 134.44 244.38 99.069 14.186 54 45.58204 54.84134 31.05703 572.68 95.93 266.10 -9.193e+10 -2.010e+10 -1.005e+11 0.11458 14.18628 2.6527e+11 1.9895e+11 1.9895e+11 6.6317e+10 0.0000e+00 8652.44336 92.53 0.06862 0.10295 0.00000 8.58713 26.84133 -21.40028 0.00000 0.00000 0.00000 0.00000 0.00000 3.3359 2.5258e+09 8.8422e+10 0 0.0000e+00 0.0000e+00 0.0000e+00
102 -1 6.6317e+10 85.56 284.19 68.691 18.065 54 10.42034 49.06379 36.04795 -350.51 327.43 436.98 7.924e+10 -7.484e+10 3.990e+10 0.92800 18.06537 6.6317e+10 6.6317e+10 6.6317e+10 0.0000e+00 0.0000e+00 20590.24805 216.29 0.36096 0.00000 0.00000 0.00000 0.00000 0.00000 0.00000 0.00000 0.00000 0.00000 0.00000 21.8374 2.1531e+09 6.6317e+10 0 0.0000e+00 0.0000e+00 0.0000e+00
103 -1 1.1053e+11 106.16 179.27 81.442 14.854 52 28.94340 80.58420 45.84820 -127.27 -206.59 -180.04 1.300e+11 -1.182e+11 -1.699e+11 0.50726 14.85373 1.3263e+11 1.1053e+11 1.1053e+11 0.0000e+00 0.0000e+00 19416.41016 78.79 0.32441 0.21300 0.00000 6.77989 39.18134 -3.29928 0.00000 0.00000 0.00000 0.00000 0.00000 4.5319 1.9952e+09 6.6317e+10 0 0.0000e+00 0.0000e+00 0.0000e+00
104 -1 1.7684e+11 135.89 271.65 95.255 10.582 52 69.66138 17.36746 74.90219 -349.05 339.59 72.45 2.576e+11 1.675e+11 -2.920e+10 0.38455 10.58218 3.3158e+11 1.7684e+11 1.7684e+11 1.5474e+11 0.0000e+00 12970.19043 95.51 0.18716 0.53593 0.09785 -0.57549 -11.92628 35.00056 0.23151 0.08277 -1.63618 -13.65559 38.52042 4.0385 2.2235e+09 6.6317e+10 0 0.0000e+00 0.0000e+00 0.0000e+00
105 -1 1.5474e+11 130.21 194.53 91.108 10.033 52 47.64181 36.40494 63.57577 -84.35 -387.98 -200.01 -2.187e+11 -1.705e+11 6.874e+09 0.30911 10.03322 2.8737e+11 1.3263e+11 1.3263e+11 8.8422e+10 0.0000e+00 12494.19141 123.92 0.21013 0.37334 0.19521 24.88301 16.64587 9.41283 0.63079 0.17565 22.62531 11.88792 3.71847 2.8695 2.7396e+09 8.8422e+10 0 0.0000e+00 0.0000e+00 0.0000e+00
106 -1 1.5474e+11 116.73 223.32 91.108 18.756 52 59.25280 79.29985 5.08604 -481.57 138.23 -312.47 8.511e+10 -1.972e+11 6.690e+10 0.29350 18.75597 2.8737e+11 1.5474e+11 1.5474e+11 4.4211e+10 0.0000e+00 14153.62500 129.18 0.17046 0.39766 0.00436 10.54190 -9.24491 37.44339 0.00000 0.00000 0.00000 0.00000 0.00000 3.8913 2.6085e+09 1.3263e+11 0 0.0000e+00 0.0000e+00 0.0000e+00
107 -1 2.2106e+11 126.76 184.77 102.610 29.562 51 24.47210 34.61386 55.96060 -255.51 31.11 -85.10 -4.321e+11 -3.760e+10 5.796e+10 0.17647 29.56203 3.3158e+11 2.2106e+11 1.9895e+11 8.8422e+10 4.4211e+10 7026.10693 30.23 0.18295 0.39686 0.00101 -10.61784 15.94727 -11.38767 0.74018 0.20017 -8.02002 15.90594 -6.86528 1.7471 3.4823e+09 2.4316e+11 0 0.0000e+00 0.0000e+00 0.0000e+00
108 -1 1.9895e+11 122.09 220.36 99.069 29.445 51 83.36339 85.06326 40.91783 -41.24 -234.19 175.92 4.684e+11 -2.651e+11 -2.144e+11 0.49344 29.44487 3.7579e+11 1.5474e+11 1.5474e+11 4.4211e+10 0.0000e+00 13980.70801 75.63 0.28873 0.37174 0.00000 -11.90715 7.34611 25.15518 0.00000 0.00000 0.00000 0.00000 0.00000 3.4649 3.1932e+09 2.4316e+11 0 0.0000e+00 0.0000e+00 0.0000e+00
109 -1 1.9895e+11 133.32 216.70 99.069 14.865 51 51.32195 82.56070 38.43723 -273.70 74.41 -216.50 3.034e+11 6.361e+10 1.543e+11 0.26149 14.86502 3.7579e+11 1.9895e+11 1.9895e+11 1.1053e+11 2.2106e+10 11623.53418 72.75 0.17257 0.16904 0.03047 20.91500 -16.62443 15.02614 0.24970 0.00000 16.01285 -13.55458 11.18288 2.9038 4.1358e+09 1.1053e+11 0 0.0000e+00 0.0000e+00 0.0000e+00
110 -1 1.9895e+11 123.02 222.82 99.069 26.893 51 58.00042 3.01399 4.56298 -139.72 116.97 -250.30 4.684e+11 -4.829e+11 -1.014e+11 0.56048 26.89344 3.3158e+11 1.5474e+11 1.5474e+11 0.0000e+00 0.0000e+00 6468.73145 81.53 0.33905 0.83577 0.06641 32.51300 -0.71748 -16.50238 0.00000 0.00000 0.00000 0.00000 0.00000 3.5060 1.7909e+09 1.9895e+11 0 0.0000e+00 0.0000e+00 0.0000e+00
111 -1 6.6317e+10 98.17 234.66 68.691 7.565 48 53.86416 51.65230 51.32095 -203.32 -169.31 -63.22 6.360e+09 1.639e+10 -1.813e+10 0.20932 7.56527 8.8422e+10 6.6317e+10 6.6317e+10 0.0000e+00 0.0000e+00 30172.47852 66.26 0.07853 0.00000 0.00000 0.00000 0.00000 0.00000 0.00000 0.00000 0.00000 0.00000 0.00000 23.6033 1.6735e+09 0.0000e+00 0 0.0000e+00 0.0000e+00 0.0000e+00
112 -1 1.3263e+11 123.64 220.09 86.545 9.552 48 18.73934 30.06538 81.66052 -62.64 473.08 -177.41 -1.100e+11 -3.659e+11 -9.502e+09 0.81986 9.55167 2.4316e+11 1.3263e+11 1.3263e+11 4.4211e+10 0.0000e+00 14823.07715 182.02 0.37441 0.42981 0.02675 -13.31083 -20.97010 29.33480 0.00000 0.00000 0.00000 0.00000 0.00000 5.4208 2.3163e+09 4.4211e+10 0 0.0000e+00 0.0000e+00 0.0000e+00
113 -1 8.8422e+10 97.16 223.08 75.604 15.215 47 59.10932 24.11283 46.91248 -431.89 41.76 -140.14 -2.805e+11 7.190e+10 1.931e+11 1.38990 15.21541 8.8422e+10 8.8422e+10 8.8422e+10 0.0000e+00 0.0000e+00 19810.19727 113.99 0.67018 0.58327 0.00000 41.47078 13.36510 10.02915 0.00000 0.00000 0.00000 0.00000 0.00000 10.4616 1.5190e+09 4.4211e+10 0 0.0000e+00 0.0000e+00 0.0000e+00
114 -1 1.1053e+11 104.22 162.44 81.442 16.923 47 45.95197 24.40915 35.51485 -188.73 -291.19 169.31 6.257e+10 1.466e+11 -6.622e+10 0.39217 16.92310 1.7684e+11 1.1053e+11 1.1053e+11 4.4211e+10 0.0000e+00 12603.41602 139.53 0.22911 0.05995 0.00000 -21.27696 30.11080 6.48426 0.00000 0.00000 0.00000 0.00000 0.00000 4.8024 2.0087e+09 8.8422e+10 0 0.0000e+00 0.0000e+00 0.0000e+00
115 -1 2.4316e+11 140.10 230.26 105.922 17.601 46 49.01843 44.01273 59.52729 -69.48 -316.20 -379.57 2.561e+11 -2.560e+11 -2.471e+11 0.21910 17.60073 3.0948e+11 2.4316e+11 2.4316e+11 6.6317e+10 2.2106e+10 8069.36230 52.75 0.15638 0.14024 0.06482 39.66793 -33.95052 39.86221 0.00000 0.00000 0.00000 0.00000 0.00000 2.6019 5.1149e+09 8.8422e+10 0 0.0000e+00 0.0000e+00 0.0000e+00
116 -1 3.5369e+11 158.84 240.54 120.014 19.863 46 27.34029 76.98841 72.36515 -338.23 248.31 -321.81 3.275e+11 1.366e+11 -6.718e+11 0.17331 19.86259 5.9685e+11 3.5369e+11 3.5369e+11 1.9895e+11 0.0000e+00 6827.33643 92.24 0.14513 0.52792 0.04811 23.52410 -1.90506 28.74168 0.68332 0.04231 23.26166 -2.32918 19.63019 1.8531 2.4447e+09 2.4316e+11 0 0.0000e+00 0.0000e+00 0.0000e+00
117 -1 1.5474e+11 111.45 201.63 91.108 30.185 46 45.34797 57.31338 24.56706 148.71 -164.24 394.95 -3.668e+11 -1.098e+10 5.438e+10 0.44624 30.18532 1.9895e+11 6.6317e+10 6.6317e+10 0.0000e+00 0.0000e+00 11013.34668 95.02 0.28101 0.63920 0.09283 31.34776 14.58386 24.19518 0.00000 0.00000 0.00000 0.00000 0.00000 4.3230 1.6766e+09 1.7684e+11 0 0.0000e+00 0.0000e+00 0.0000e+00
118 -1 1.9895e+11 124.20 244.34 99.069 24.445 45 27.97579 41.78645 76.96337 391.05 -134.37 -269.47 -3.694e+10 -4.229e+11 -1.179e+11 0.36336 24.44483 3.7579e+11 1.9895e+11 1.9895e+11 8.8422e+10 0.0000e+00 10217.39648 67.01 0.21957 0.16601 0.00000 39.08061 -4.88745 23.07942 0.44514 0.01422 35.60160 -10.03988 14.20979 3.1351 1.8246e+09 1.9895e+11 0 0.0000e+00 0.0000e+00 0.0000e+00
119 -1 1.9895e+11 132.09 220.13 99.069 15.686 45 24.43664 13.41757 76.14878 -182.84 133.70 -324.72 6.429e+10 -9.976e+10 2.359e+11 0.20698 15.68556 2.6527e+11 1.9895e+11 1.9895e+11 8.8422e+10 4.4211e+10 9008.09375 91.47 0.13162 0.86160 0.02710 8.62583 22.68753 17.15454 0.95406 0.00000 1.20542 13.71277 -8.73519 2.8690 3.3887e+09 8.8422e+10 0 0.0000e+00 0.0000e+00 0.0000e+00
120 -1 1.7684e+11 119.40 198.58 95.255 23.524 45 34.85629 44.80045 6.65236 284.43 -374.51 7.67 1.089e+11 4.125e+11 1.831e+11 0.36885 23.52440 3.0948e+11 1.7684e+11 1.7684e+11 2.2106e+10 0.0000e+00 7144.00586 91.16 0.28158 0.14352 0.00510 52.93639 -23.17426 -26.14832 0.00000 0.00000 0.00000 0.00000 0.00000 2.3169 2.5397e+09 1.7684e+11 0 0.0000e+00 0.0000e+00 0.0000e+00
121 -1 1.3263e+11 109.59 243.50 86.545 19.552 45 40.89865 8.39277 33.89087 -442.72 193.36 410.71 2.500e+11 6.909e+10 2.378e+11 0.70923 19.55151 1.9895e+11 1.3263e+11 1.3263e+11 2.2106e+10 2.2106e+10 8964.65039 122.51 0.34469 0.29856 0.00000 17.27626 -2.46387 9.47991 0.00000 0.00000 0.00000 0.00000 0.00000 6.4032 5.0484e+09 1.1053e+11 0 0.0000e+00 0.0000e+00 0.0000e+00
122 -1 1.1053e+11 101.06 185.04 81.442 22.280 45 3.70303 19.20304 4.26355 133.36 243.09 -27.38 4.105e+10 1.364e+11 -1.019e+11 0.39384 22.27988 1.7684e+11 1.1053e+11 1.1053e+11 0.0000e+00 0.0000e+00 4024.19556 57.92 0.23249 0.18108 0.00000 -0.84671 46.07481 -21.35613 0.00000 0.00000 0.00000 0.00000 0.00000 5.0762 1.7106e+09 1.1053e+11 0 0.0000e+00 0.0000e+00 0.0000e+00
123 -1 4.4211e+10 105.31 222.47 60.007 2.918 44 57.46738 8.57329 67.14275 -470.69 -414.97 -46.84 0.000e+00 0.000e+00 0.000e+00 0.00000 2.91818 4.4211e+10 4.4211e+10 4.4211e+10 2.2106e+10 2.2106e+10 44389.65625 314.62 0.00000 0.00000 0.00000 0.00000 0.00000 0.00000 0.00000 0.00000 0.00000 0.00000 0.00000 0.0000 5.1464e+09 0.0000e+00 0 0.0000e+00 0.0000e+00 0.0000e+00
124 -1 1.7684e+11 129.34 230.98 95.255 13.598 44 32.89148 33.60210 74.04587 -272.01 187.95 -295.85 -2.219e+11 -1.999e+11 -3.459e+11 0.46867 13.59756 2.4316e+11 1.7684e+11 1.7684e+11 1.3263e+11 4.4211e+10 10964.26562 79.27 0.27715 0.32559 0.02214 -5.74735 -2.68001 24.28861 0.12387 0.00000 -7.78412 -6.77286 16.40994 3.3581 4.0770e+09 1.1053e+11 0 0.0000e+00 0.0000e+00 0.0000e+00
125 -1 8.8422e+10 92.83 175.46 75.604 23.622 43 52.70770 9.76456 64.42609 -90.17 6.21 -41.23 -2.081e+11 -1.758e+11 1.129e+11 1.08246 23.62162 1.3263e+11 6.6317e+10 6.6317e+10 0.0000e+00 0.0000e+00 20954.38281 40.23 0.56768 0.00000 0.00000 30.75790 22.25590 -25.61951 0.00000 0.00000 0.00000 0.00000 0.00000 8.6513 1.6055e+09 1.1053e+11 0 0.0000e+00 0.0000e+00 0.0000e+00
126 -1 1.1053e+11 99.31 154.38 81.442 28.621 43 50.74073 28.69158 45.46997 -171.46 -312.74 63.03 7.924e+10 5.114e+10 -1.052e+11 0.24081 28.62083 1.3263e+11 6.6317e+10 6.6317e+10 4.4211e+10 0.0000e+00 14779.84766 79.83 0.18755 0.68439 0.00000 18.96371 22.16772 -3.84970 0.00000 0.00000 0.00000 0.00000 0.00000 2.9502 2.4988e+09 1.3263e+11 0 0.0000e+00 0.0000e+00 0.0000e+00
127 -1 1.3263e+11 105.54 161.60 86.545 30.345 43 33.02774 35.03336 65.44045 -438.97 -300.01 33.82 9.915e+10 7.811e+10 3.768e+11 0.67367 30.34452 1.9895e+11 1.1053e+11 1.1053e+11 0.0000e+00 0.0000e+00 13542.98438 143.54 0.38923 0.49955 0.08554 -23.34873 -17.89019 31.66961 0.00000 0.00000 0.00000 0.00000 0.00000 4.5797 2.1276e+09 1.3263e+11 0 0.0000e+00 0.0000e+00 0.0000e+00
128 -1 1.5474e+11 217.92 182.36 91.108 1.661 43 10.66817 11.17499 71.14154 671.60 132.69 -378.12 4.255e+11 1.506e+11 6.279e+09 0.40645 1.66107 2.8737e+11 1.5474e+11 1.5474e+11 2.2106e+10 2.2106e+10 10413.62012 182.56 0.34196 0.26398 0.00000 0.68878 3.78593 -2.15209 0.00000 0.00000 0.00000 0.00000 0.00000 2.1228 2.2036e+10 2.2106e+10 0 0.0000e+00 0.0000e+00 0.0000e+00
129 -1 1.1053e+11 120.88 176.36 81.442 7.561 43 4.06958 52.60316 38.21957 36.67 -316.85 648.34 -5.364e+10 1.879e+10 4.979e+10 0.09316 7.56078 1.1053e+11 8.8422e+10 8.8422e+10 2.2106e+10 2.2106e+10 13031.07812 144.51 0.10029 0.00000 0.00000 -7.05433 8.12149 -1.37329 0.00000 0.00000 0.00000 0.00000 0.00000 2.2695 6.7807e+09 2.2106e+10 0 0.0000e+00 0.0000e+00 0.0000e+00
130 -1 1.3263e+11 104.98 210.76 86.545 35.162 42 38.54037 11.36862 35.55365 -200.90 91.17 462.53 2.147e+10 3.551e+10 -2.009e+11 0.34193 35.16222 2.2106e+11 2.2106e+10 2.2106e+10 0.0000e+00 0.0000e+00 8918.40918 110.16 0.20091 0.00000 0.00000 6.26373 35.41660 21.11053 0.00000 0.00000 0.00000 0.00000 0.00000 5.0320 1.7633e+09 2.2106e+11 0 0.0000e+00 0.0000e+00 0.0000e+00
131 -1 6.6317e+10 113.63 105.04 68.691 4.135 41 61.40244 18.40306 85.00106 -102.57 -64.31 -173.31 -1.585e+10 -1.527e+10 -6.788e+08 0.05734 4.13452 6.6317e+10 6.6317e+10 6.6317e+10 6.6317e+10 0.0000e+00 35494.21094 70.47 0.06849 0.00000 0.00000 0.00000 0.00000 0.00000 0.00000 0.00000 0.00000 0.00000 0.00000 2.4586 2.5119e+09 0.0000e+00 0 0.0000e+00 0.0000e+00 0.0000e+00
132 -1 1.9895e+11 125.02 272.80 99.069 23.038 41 72.23319 73.20401 40.18399 -625.76 -355.59 139.17 3.676e+11 4.435e+10 -3.581e+10 0.34323 23.03843 2.8737e+11 1.7684e+11 1.7684e+11 1.1053e+11 0.0000e+00 12272.05664 89.06 0.18540 0.07833 0.00000 -14.57331 36.04298 -1.71678 0.20901 0.16781 -12.88809 33.04236 -9.06444 3.3986 2.1852e+09 1.7684e+11 0 0.0000e+00 0.0000e+00 0.0000e+00
133 -1 1.9895e+11 120.79 223.74 99.069 34.883 41 26.16882 77.69514 33.17233 101.59 163.18 279.60 2.108e+11 -6.901e+11 -1.890e+11 0.60591 34.88276 3.3158e+11 1.5474e+11 1.5474e+11 8.8422e+10 0.0000e+00 9823.58008 107.83 0.37172 0.15710 0.00000 -15.24696 35.36147 -25.29123 0.00000 0.00000 16.28113 27.02332 -14.74380 3.2748 2.1116e+09 2.6527e+11 0 0.0000e+00 0.0000e+00 0.0000e+00
134 -1 1.3263e+11 158.73 184.52 86.545 3.616 41 21.34816 62.00227 8.99514 265.93 -645.36 386.99 -1.434e+11 8.397e+10 -1.433e+11 0.23564 3.61634 1.7684e+11 1.3263e+11 1.3263e+11 6.6317e+10 2.2106e+10 11042.17188 150.36 0.21490 0.97820 0.28229 -1.77947 8.01509 -4.89756 0.00000 0.00000 0.00000 0.00000 0.00000 2.4499 1.1692e+10 2.2106e+10 0 0.0000e+00 0.0000e+00 0.0000e+00
135 -1 1.9895e+11 126.81 205.70 99.069 20.537 41 46.35260 20.61039 36.93536 -381.15 288.66 353.70 -4.064e+11 1.150e+11 1.039e+11 0.30764 20.53689 2.8737e+11 1.7684e+11 1.7684e+11 1.1053e+11 0.0000e+00 6970.23242 103.23 0.21678 0.72225 0.21197 -8.85457 26.03097 -25.67914 0.35699 0.00000 26.38108 0.20984 16.08978 2.7892 2.5427e+09 1.7684e+11 0 0.0000e+00 0.0000e+00 0.0000e+00
136 -1 1.9895e+11 145.94 221.47 99.069 9.507 41 22.94122 33.69197 11.96763 186.65 273.32 -316.22 -7.595e+10 2.244e+11 2.781e+10 0.15274 9.50672 3.0948e+11 1.9895e+11 1.9895e+11 1.7684e+11 0.0000e+00 4706.51025 52.40 0.11889 0.09634 0.03028 24.70057 8.00188 8.01517 0.11126 0.03105 24.84177 8.03177 7.72732 1.9913 2.7620e+09 1.1053e+11 0 0.0000e+00 0.0000e+00 0.0000e+00
137 -1 1.9895e+11 127.52 227.91 99.069 19.717 41 29.04150 2.40905 11.28600 89.15 -270.42 108.49 2.155e+11 1.223e+11 2.325e+11 0.24985 19.71694 3.7579e+11 1.9895e+11 1.9895e+11 1.3263e+11 2.2106e+10 3481.83228 38.90 0.16934 0.72238 0.22780 17.15121 6.39902 -7.99222 0.72702 0.00000 12.39010 4.22079 -6.62402 2.5116 4.8906e+09 1.3263e+11 0 0.0000e+00 0.0000e+00 0.0000e+00
138 -1 6.6317e+10 84.06 205.11 68.691 22.616 40 5.16015 57.66858 44.31823 -60.10 -646.90 33.80 -5.218e+10 -9.643e+10 -3.969e+10 0.46305 22.61560 8.8422e+10 0.0000e+00 0.0000e+00 0.0000e+00 0.0000e+00 24314.38672 187.93 0.36263 0.00000 0.00000 0.00000 0.00000 0.00000 0.00000 0.00000 0.00000 0.00000 0.00000 7.5820 1.2121e+09 6.6317e+10 0 0.0000e+00 0.0000e+00 0.0000e+00
139 -1 1.9895e+11 135.62 223.04 99.069 13.534 40 41.22575 7.69505 68.49288 -115.70 95.35 -276.34 7.859e+10 -3.476e+11 4.931e+10 0.26807 13.53378 3.5369e+11 1.9895e+11 1.9895e+11 8.8422e+10 0.0000e+00 8921.63867 70.67 0.17929 0.19923 0.00832 34.80414 32.59992 17.66593 0.71221 0.00000 17.60880 5.43385 21.07067 2.7678 2.1566e+09 8.8422e+10 0 0.0000e+00 0.0000e+00 0.0000e+00
140 -1 8.8422e+10 94.03 154.63 75.604 20.187 40 14.44385 30.91822 49.62195 283.96 295.72 134.68 1.966e+10 -8.852e+10 9.434e+10 0.28373 20.18740 8.8422e+10 8.8422e+10 8.8422e+10 0.0000e+00 0.0000e+00 15070.75098 107.88 0.25193 0.71817 0.46458 44.35066 -2.91888 5.81089 0.00000 0.00000 0.00000 0.00000 0.00000 3.6425 1.2499e+09 8.8422e+10 0 0.0000e+00 0.0000e+00 0.0000e+00
141 -1 1.3263e+11 106.61 153.97 86.545 25.839 40 55.52656 78.98552 2.88679 98.33 -247.89 -385.91 -1.249e+11 9.273e+10 -1.971e+11 0.36940 25.83867 1.9895e+11 1.1053e+11 1.1053e+11 6.6317e+10 0.0000e+00 16101.85352 153.43 0.24596 0.60098 0.06981 -9.61207 41.39819 2.92642 0.00000 0.00000 0.00000 0.00000 0.00000 2.8404 2.0331e+09 1.3263e+11 0 0.0000e+00 0.0000e+00 0.0000e+00
142 -1 4.4211e+10 92.16 193.00 60.007 4.824 40 55.04575 40.95903 30.55041 -208.05 -105.15 -519.90 3.390e+10 1.527e+10 -5.492e+09 0.31657 4.82382 6.6317e+10 4.4211e+10 4.4211e+10 4.4211e+10 0.0000e+00 37547.70312 312.02 0.22971 0.00000 0.00000 0.00000 0.00000 0.00000 0.00000 0.00000 0.00000 0.00000 0.00000 0.0000 2.1665e+09 0.0000e+00 0 0.0000e+00 0.0000e+00 0.0000e+00
143 -1 2.2106e+11 140.11 223.82 102.610 14.208 39 83.90332 53.96687 46.89875 370.16 507.00 203.90 1.557e+11 3.447e+11 -5.158e+11 0.32268 14.20843 4.2001e+11 2.2106e+11 2.2106e+11 1.3263e+11 0.0000e+00 11016.12695 94.43 0.26741 0.45024 0.20417 37.10441 -8.66850 15.07934 0.00000 0.00000 31.86035 14.77814 -27.66418 1.7351 3.5527e+09 1.3263e+11 0 0.0000e+00 0.0000e+00 0.0000e+00
144 -1 8.8422e+10 92.69 173.20 75.604 24.155 39 48.29996 52.11797 51.33701 -1.98 -159.89 -319.50 8.455e+10 6.199e+10 -3.957e+10 0.38911 24.15538 1.1053e+11 0.0000e+00 0.0000e+00 0.0000e+00 0.0000e+00 21876.89453 127.48 0.21574 0.59859 0.14358 41.32445 24.41690 24.22143 0.00000 0.00000 0.00000 0.00000 0.00000 8.9322 1.3314e+09 1.1053e+11 0 0.0000e+00 0.0000e+00 0.0000e+00
145 -1 1.5474e+11 116.90 200.78 91.108 18.557 39 43.82072 20.17488 39.25749 -369.63 30.39 -187.99 4.393e+10 -2.387e+11 -1.894e+10 0.29239 18.55729 2.8737e+11 1.5474e+11 1.5474e+11 0.0000e+00 0.0000e+00 8879.29883 111.18 0.18444 0.95404 0.05820 42.40316 -25.96547 8.22440 0.00000 0.00000 0.00000 0.00000 0.00000 3.8181 1.2512e+09 6.6317e+10 0 0.0000e+00 0.0000e+00 0.0000e+00
146 -1 1.9895e+11 121.42 199.06 99.069 31.817 39 5.96288 26.09141 32.31545 161.35 207.67 115.21 3.317e+09 -2.813e+11 -3.696e+10 0.20569 31.81740 2.8737e+11 1.7684e+11 1.7684e+11 6.6317e+10 2.2106e+10 4653.50342 90.37 0.14141 0.11654 0.05186 16.87539 22.78381 26.14330 0.00000 0.00000 0.00000 0.00000 0.00000 2.8715 4.9304e+09 1.9895e+11 0 0.0000e+00 0.0000e+00 0.0000e+00
147 -1 1.3263e+11 111.61 163.48 86.545 16.992 38 33.37902 5.36135 29.25901 37.21 -123.36 471.38 -1.217e+11 -1.861e+11 9.328e+10 0.23408 16.99232 1.3263e+11 1.1053e+11 1.1053e+11 8.8422e+10 0.0000e+00 7448.78613 81.45 0.23622 0.25960 0.00000 33.67196 -1.94953 24.76217 0.85632 0.00000 14.83829 18.81054 2.69333 2.0747 2.5731e+09 1.1053e+11 0 0.0000e+00 0.0000e+00 0.0000e+00
148 -1 1.5474e+11 113.22 154.31 91.108 24.542 37 39.03476 59.87817 39.59824 42.95 -72.81 76.67 -5.573e+10 4.011e+11 -4.670e+10 0.32204 24.54190 2.2106e+11 1.5474e+11 1.5474e+11 2.2106e+10 0.0000e+00 11658.21680 55.72 0.30883 0.55073 0.10594 24.67348 24.99944 -9.31270 0.00000 0.00000 0.00000 0.00000 0.00000 2.0640 2.2152e+09 1.5474e+11 0 0.0000e+00 0.0000e+00 0.0000e+00
149 -1 4.4211e+10 95.07 230.69 60.007 4.258 36 84.22443 54.73404 43.84332 337.82 150.07 537.67 0.000e+00 0.000e+00 0.000e+00 0.00000 4.25831 4.4211e+10 4.4211e+10 4.4211e+10 4.4211e+10 0.0000e+00 54789.54688 326.24 0.00000 0.00000 0.00000 0.00000 0.00000 0.00000 0.00000 0.00000 0.00000 0.00000 0.00000 0.0000 2.5366e+09 0.0000e+00 0 0.0000e+00 0.0000e+00 0.0000e+00
150 -1 1.1053e+11 122.66 207.07 81.442 7.102 36 59.43397 3.90788 52.63971 -57.51 73.96 -17.04 3.866e+10 1.193e+11 1.753e+11 0.53311 7.10208 1.9895e+11 1.1053e+11 1.1053e+11 1.1053e+11 0.0000e+00 15899.78711 20.43 0.28605 0.49562 0.09036 -19.42632 22.03812 -0.32782 0.72569 0.00000 -15.64966 16.98585 -3.07057 4.2854 2.6583e+09 2.2106e+10 0 0.0000e+00 0.0000e+00 0.0000e+00
151 -1 4.4211e+10 73.75 270.29 60.007 18.505 36 29.60131 4.16986 26.92793 214.48 86.17 608.38 -4.253e+09 -1.411e+10 2.219e+10 0.23252 18.50546 6.6317e+10 2.2106e+10 2.2106e+10 2.2106e+10 0.0000e+00 20102.45508 275.52 0.16282 0.00000 0.00000 0.00000 0.00000 0.00000 0.00000 0.00000 0.00000 0.00000 0.00000 0.0000 2.3675e+09 4.4211e+10 0 0.0000e+00 0.0000e+00 0.0000e+00
152 -1 2.4316e+11 136.10 231.24 105.922 21.352 36 26.54506 38.38334 5.58356 -454.42 460.83 155.22 1.700e+11 -1.059e+11 -1.804e+11 0.13659 21.35222 2.8737e+11 2.4316e+11 2.4316e+11 0.0000e+00 0.0000e+00 4268.31494 70.31 0.09616 0.60432 0.01284 -4.21375 34.83142 37.21379 0.00000 0.00000 0.00000 0.00000 0.00000 2.8496 1.7527e+09 1.9895e+11 0 0.0000e+00 0.0000e+00 0.0000e+00
153 -1 1.9895e+11 143.13 214.96 99.069 10.377 35 28.14624 2.93432 30.03103 28.92 36.20 414.54 5.651e+10 2.068e+11 9.937e+09 0.14958 10.37677 3.0948e+11 1.7684e+11 1.7684e+11 1.1053e+11 4.4211e+10 4584.66943 114.00 0.10694 0.83663 0.42789 -4.53349 -5.60594 11.20770 0.50861 0.00000 0.64865 7.13397 -4.38042 2.2738 8.4559e+09 6.6317e+10 0 0.0000e+00 0.0000e+00 0.0000e+00
154 -1 1.5474e+11 115.71 233.15 91.108 20.075 34 36.48887 47.12265 0.05865 -217.21 -185.27 158.46 1.963e+11 -2.190e+11 -5.880e+11 0.91263 20.07497 2.6527e+11 1.5474e+11 1.5474e+11 6.6317e+10 0.0000e+00 8526.59961 65.58 0.49809 0.48882 0.00000 18.32222 -16.82678 31.11356 0.00000 0.00000 0.00000 0.00000 0.00000 3.7386 1.9130e+09 1.1053e+11 0 0.0000e+00 0.0000e+00 0.0000e+00
155 -1 1.3263e+11 117.53 187.60 86.545 12.343 34 70.21806 20.09060 65.38653 -158.02 272.28 53.83 -6.734e+10 2.527e+11 -6.397e+10 0.38756 12.34326 2.4316e+11 1.3263e+11 1.3263e+11 6.6317e+10 2.2106e+10 16343.18164 56.31 0.26368 0.33740 0.01232 21.28363 5.77519 -9.19998 0.00000 0.00000 0.00000 0.00000 0.00000 3.0452 4.0706e+09 6.6317e+10 0 0.0000e+00 0.0000e+00 0.0000e+00
156 -1 6.6317e+10 84.23 229.03 68.691 21.868 34 44.85205 34.75603 29.79559 -101.31 -196.37 -177.12 2.640e+10 5.025e+10 -1.595e+11 1.33209 21.86849 6.6317e+10 0.0000e+00 0.0000e+00 0.0000e+00 0.0000e+00 21351.27344 94.40 0.52640 0.00000 0.00000 0.00000 0.00000 0.00000 0.00000 0.00000 0.00000 0.00000 0.00000 26.3584 1.3782e+09 8.8422e+10 0 0.0000e+00 0.0000e+00 0.0000e+00
157 -1 8.8422e+10 103.30 163.20 75.604 10.434 33 49.44195 10.06085 61.22169 -117.13 -40.23 -106.58 2.101e+11 -1.138e+11 -1.756e+11 1.03761 10.43413 1.3263e+11 8.8422e+10 8.8422e+10 0.0000e+00 0.0000e+00 19827.04688 64.62 0.57084 0.96595 0.00000 11.13273 30.68205 14.99068 0.00000 0.00000 0.00000 0.00000 0.00000 5.3399 1.6352e+09 0.0000e+00 0 0.0000e+00 0.0000e+00 0.0000e+00
158 -1 1.7684e+11 124.52 208.94 95.255 17.048 33 23.00251 13.54093 72.92580 97.18 49.20 16.91 2.947e+11 -1.286e+11 -2.333e+11 0.35483 17.04794 2.2106e+11 1.7684e+11 1.7684e+11 0.0000e+00 0.0000e+00 9697.22656 7.57 0.24091 0.62908 0.42783 -25.25244 38.44435 -7.04043 0.00000 0.00000 0.00000 0.00000 0.00000 2.9113 1.7432e+09 1.1053e+11 0 0.0000e+00 0.0000e+00 0.0000e+00
159 -1 1.1053e+11 101.61 183.88 81.442 21.046 33 26.60148 16.13087 51.31103 169.20 367.37 26.88 -5.982e+10 -5.829e+10 9.242e+10 0.25121 21.04551 1.7684e+11 1.1053e+11 1.1053e+11 4.4211e+10 0.0000e+00 12011.20801 71.83 0.16535 0.78061 0.00000 17.70320 15.46762 17.03116 0.00000 0.00000 0.00000 0.00000 0.00000 4.0450 2.2409e+09 1.1053e+11 0 0.0000e+00 0.0000e+00 0.0000e+00
160 -1 2.4316e+11 129.25 175.70 105.922 36.688 33 69.20351 52.56038 27.11184 37.30 -484.04 -393.05 -2.609e+10 -2.394e+10 -1.994e+11 0.06372 36.68781 3.3158e+11 1.9895e+11 1.9895e+11 0.0000e+00 0.0000e+00 8293.43750 55.12 0.07222 0.23184 0.00000 18.19346 22.59644 44.60634 0.00000 0.00000 0.00000 0.00000 0.00000 1.7028 2.0408e+09 2.6527e+11 0 0.0000e+00 0.0000e+00 0.0000e+00
161 -1 6.6317e+10 83.80 128.10 68.691 23.892 33 29.00625 77.02179 11.19338 106.11 380.64 207.26 2.364e+10 -1.198e+10 -2.604e+10 0.02283 23.89194 6.6317e+10 0.0000e+00 0.0000e+00 0.0000e+00 0.0000e+00 27662.96289 148.74 0.11553 0.00000 0.00000 0.00000 0.00000 0.00000 0.00000 0.00000 0.00000 0.00000 0.00000 1.1615 1.2955e+09 8.8422e+10 0 0.0000e+00 0.0000e+00 0.0000e+00
162 -1 6.6317e+10 84.69 59.35 68.691 20.285 33 66.22352 23.26223 6.14724 -68.34 5.74 173.12 -5.269e+10 -3.288e+10 8.660e+09 0.14203 20.28523 8.8422e+10 2.2106e+10 2.2106e+10 0.0000e+00 0.0000e+00 23479.54297 105.68 0.19500 0.00000 0.00000 0.00000 0.00000 0.00000 0.00000 0.00000 0.00000 0.00000 0.00000 3.0236 1.7217e+09 6.6317e+10 0 0.0000e+00 0.0000e+00 0.0000e+00
163 -1 1.3263e+11 119.74 196.05 86.545 11.181 32 83.63921 16.41648 59.24236 268.63 307.21 28.54 3.884e+10 2.328e+10 1.886e+11 0.30387 11.18114 2.4316e+11 1.3263e+11 1.3263e+11 4.4211e+10 0.0000e+00 17279.35938 107.38 0.19002 0.00000 0.00000 12.99286 15.04326 -14.25934 0.00000 0.00000 0.00000 0.00000 0.00000 3.7731 3.0059e+09 4.4211e+10 0 0.0000e+00 0.0000e+00 0.0000e+00
164 -1 4.4211e+10 74.90 104.78 60.007 15.439 32 31.94825 4.38968 62.91597 -164.12 70.52 -218.42 1.280e+10 -6.220e+08 4.028e+10 0.29000 15.43947 6.6317e+10 2.2106e+10 2.2106e+10 2.2106e+10 0.0000e+00 35348.44922 156.29 0.25835 0.00000 0.00000 0.00000 0.00000 0.00000 0.00000 0.00000 0.00000 0.00000 0.00000 0.0000 2.6033e+09 4.4211e+10 0 0.0000e+00 0.0000e+00 0.0000e+00
165 -1 8.8422e+10 95.84 175.15 75.604 16.916 32 60.38357 47.05401 9.61411 -242.87 -268.92 334.40 -5.410e+10 2.923e+10 -2.415e+10 0.21213 16.91633 1.1053e+11 8.8422e+10 8.8422e+10 0.0000e+00 0.0000e+00 19319.36328 178.73 0.12720 0.54143 0.00954 15.68904 49.36091 9.07222 0.00000 0.00000 0.00000 0.00000 0.00000 7.3591 1.3743e+09 6.6317e+10 0 0.0000e+00 0.0000e+00 0.0000e+00
166 -1 1.3263e+11 112.74 173.52 86.545 15.850 32 17.19728 55.54034 41.56026 -178.57 -97.23 231.22 -1.774e+10 1.586e+11 6.900e+10 0.23351 15.85000 1.5474e+11 1.3263e+11 1.3263e+11 4.4211e+10 0.0000e+00 11902.97852 86.39 0.17029 0.24456 0.00000 39.95757 -0.14966 1.22590 0.00000 0.00000 0.00000 0.00000 0.00000 3.2061 2.6891e+09 6.6317e+10 0 0.0000e+00 0.0000e+00 0.0000e+00
167 -1 8.8422e+10 98.94 169.27 75.604 13.435 32 76.61589 30.41342 12.57325 -8.40 50.59 -227.89 9.802e+10 -7.228e+10 -3.752e+10 0.43429 13.43470 1.5474e+11 8.8422e+10 8.8422e+10 6.6317e+10 0.0000e+00 20853.07617 72.81 0.24535 0.29853 0.00000 -18.53315 28.91652 -16.82363 0.00000 0.00000 0.00000 0.00000 0.00000 6.0613 1.8947e+09 6.6317e+10 0 0.0000e+00 0.0000e+00 0.0000e+00
168 -1 4.4211e+10 77.67 153.00 60.007 11.479 31 73.10259 42.26046 79.34079 -124.58 -310.33 208.58 1.615e+10 2.467e+10 9.185e+09 0.17397 11.47939 6.6317e+10 4.4211e+10 4.4211e+10 0.0000e+00 0.0000e+00 57939.59766 186.60 0.18876 0.00000 0.00000 0.00000 0.00000 0.00000 0.00000 0.00000 0.00000 0.00000 0.00000 0.0000 1.4626e+09 0.0000e+00 0 0.0000e+00 0.0000e+00 0.0000e+00
169 -1 1.7684e+11 120.95 199.05 95.255 21.035 31 72.58643 23.49599 68.04587 -22.46 91.95 -61.58 -5.718e+10 5.361e+10 -6.152e+10 0.08160 21.03494 2.8737e+11 1.7684e+11 1.7684e+11 8.8422e+10 0.0000e+00 12794.22461 27.78 0.06043 0.36656 0.04422 48.58334 11.19970 -17.44268 0.44960 0.34806 41.82687 -2.95106 6.43694 2.5110 1.5832e+09 1.5474e+11 0 0.0000e+00 0.0000e+00 0.0000e+00
170 -1 1.1053e+11 134.85 177.24 81.442 4.884 31 69.43614 73.17745 38.14672 62.66 74.70 229.60 5.672e+10 9.086e+10 8.824e+09 0.18124 4.88430 1.9895e+11 1.1053e+11 1.1053e+11 1.1053e+11 4.4211e+10 21575.31641 37.02 0.14265 0.28164 0.22679 -4.24538 10.39442 5.78151 0.36690 0.08603 -3.60431 10.43751 5.51762 2.1176 8.4389e+09 2.2106e+10 0 0.0000e+00 0.0000e+00 0.0000e+00
171 -1 6.6317e+10 90.67 138.18 68.691 11.559 30 29.43249 30.11370 68.54305 -83.95 331.02 -165.02 1.050e+11 9.890e+09 -7.061e+10 0.71980 11.55875 1.1053e+11 6.6317e+10 6.6317e+10 0.0000e+00 0.0000e+00 26798.40820 212.02 0.39475 0.00000 0.00000 0.00000 0.00000 0.00000 0.00000 0.00000 0.00000 0.00000 0.00000 12.5578 1.5057e+09 0.0000e+00 0 0.0000e+00 0.0000e+00 0.0000e+00
172 -1 8.8422e+10 97.86 165.55 75.604 14.456 30 15.58251 30.37869 68.10633 -2.90 125.04 -291.34 1.547e+11 1.674e+11 -1.083e+11 0.72494 14.45617 8.8422e+10 8.8422e+10 8.8422e+10 2.2106e+10 0.0000e+00 19045.84961 79.26 0.48580 0.55470 0.10913 29.07948 -25.47849 3.31964 0.00000 0.00000 0.00000 0.00000 0.00000 5.4816 2.1879e+09 4.4211e+10 0 0.0000e+00 0.0000e+00 0.0000e+00
173 -1 1.1053e+11 100.35 171.74 81.442 24.261 30 43.07638 34.97820 28.27021 210.50 -80.95 -19.17 -1.277e+11 -7.455e+10 4.010e+10 0.35533 24.26149 1.5474e+11 6.6317e+10 6.6317e+10 0.0000e+00 0.0000e+00 12440.78613 85.24 0.20339 0.03107 0.00000 7.93945 38.04139 35.80830 0.00000 0.00000 0.00000 0.00000 0.00000 5.9261 1.4627e+09 1.1053e+11 0 0.0000e+00 0.0000e+00 0.0000e+00
174 -1 1.5474e+11 126.82 249.10 91.108 11.414 30 30.21293 37.73279 33.18024 -104.79 -268.86 351.33 -4.124e+11 1.209e+11 -1.986e+10 0.64547 11.41366 2.4316e+11 1.5474e+11 1.5474e+11 1.1053e+11 0.0000e+00 8384.68652 87.40 0.32593 0.25441 0.08730 -0.77223 -8.86060 29.83239 0.17269 0.00000 -5.54039 -6.44262 25.72940 3.8346 2.8253e+09 4.4211e+10 0 0.0000e+00 0.0000e+00 0.0000e+00
175 -1 1.1053e+11 99.63 202.27 81.442 26.943 29 83.97364 59.22905 43.12344 -474.50 -507.61 267.40 1.661e+11 -1.737e+10 1.767e+11 0.43602 26.94344 1.1053e+11 0.0000e+00 0.0000e+00 0.0000e+00 0.0000e+00 22278.22852 148.91 0.32271 0.58602 0.09157 15.43065 -33.65998 45.46949 0.00000 0.00000 0.00000 0.00000 0.00000 4.4848 1.2845e+09 1.3263e+11 0 0.0000e+00 0.0000e+00 0.0000e+00
176 -1 6.6317e+10 104.20 206.88 68.691 5.812 29 6.27895 57.54082 44.80778 -240.02 -567.82 -218.09 4.319e+10 6.496e+10 -9.980e+10 0.77717 5.81160 1.1053e+11 6.6317e+10 6.6317e+10 2.2106e+10 2.2106e+10 24395.98633 255.33 0.39391 0.00000 0.00000 0.00000 0.00000 0.00000 0.00000 0.00000 0.00000 0.00000 0.00000 11.3723 5.0384e+09 2.2106e+10 0 0.0000e+00 0.0000e+00 0.0000e+00
177 -1 6.6317e+10 91.55 192.91 68.691 10.902 29 19.08619 28.84405 47.08595 271.37 335.88 553.55 3.747e+10 3.074e+10 1.030e+11 0.45896 10.90249 8.8422e+10 6.6317e+10 6.6317e+10 4.4211e+10 0.0000e+00 19477.39453 286.70 0.35399 0.00000 0.00000 0.00000 0.00000 0.00000 0.00000 0.00000 0.00000 0.00000 0.00000 5.4605 1.8638e+09 4.4211e+10 0 0.0000e+00 0.0000e+00 0.0000e+00
178 -1 6.6317e+10 83.23 122.08 68.691 29.676 28 34.26592 43.62670 9.12798 -167.50 -186.18 263.10 -5.063e+10 -3.509e+10 1.040e+10 0.13133 29.67576 6.6317e+10 0.0000e+00 0.0000e+00 0.0000e+00 0.0000e+00 18766.39844 121.08 0.19429 0.00000 0.00000 0.00000 0.00000 0.00000 0.00000 0.00000 0.00000 0.00000 0.00000 3.0156 1.4162e+09 8.8422e+10 0 0.0000e+00 0.0000e+00 0.0000e+00
179 -1 4.4211e+10 77.98 393.19 60.007 11.172 27 34.93032 21.21949 51.18015 -267.99 550.20 -928.56 0.000e+00 0.000e+00 0.000e+00 0.00000 11.17178 4.4211e+10 4.4211e+10 4.4211e+10 2.2106e+10 0.0000e+00 32739.31250 556.05 0.00000 0.00000 0.00000 0.00000 0.00000 0.00000 0.00000 0.00000 0.00000 0.00000 0.00000 0.0000 2.5617e+09 2.2106e+10 0 0.0000e+00 0.0000e+00 0.0000e+00
180 -1 1.3263e+11 117.15 187.48 86.545 12.570 27 10.38648 10.79100 69.91403 726.57 325.40 -134.90 6.517e+10 -8.992e+10 1.613e+10 0.08132 12.56959 2.2106e+11 1.3263e+11 1.3263e+11 0.0000e+00 0.0000e+00 11921.31738 91.24 0.10992 0.35021 0.00000 32.02237 31.16883 -23.07464 0.00000 0.00000 0.00000 0.00000 0.00000 1.4192 1.4671e+09 2.2106e+10 0 0.0000e+00 0.0000e+00 0.0000e+00
181 -1 1.1053e+11 100.23 338.03 81.442 24.648 27 30.13130 27.55795 41.40435 -44.26 -826.40 1211.48 -2.417e+11 1.158e+11 -1.383e+11 0.82658 24.64786 1.7684e+11 6.6317e+10 6.6317e+10 2.2106e+10 0.0000e+00 11622.72461 280.06 0.40031 0.20214 0.00000 -4.98185 9.43279 31.92478 0.00000 0.00000 0.00000 0.00000 0.00000 7.4272 2.5159e+09 1.1053e+11 0 0.0000e+00 0.0000e+00 0.0000e+00
182 -1 6.6317e+10 90.29 211.11 68.691 11.865 26 64.54298 57.28124 56.93462 26.97 -239.61 -342.06 -2.195e+10 1.961e+11 -2.046e+10 1.25389 11.86496 6.6317e+10 6.6317e+10 6.6317e+10 0.0000e+00 0.0000e+00 34468.35156 139.50 0.61699 0.00000 0.00000 0.00000 0.00000 0.00000 0.00000 0.00000 0.00000 0.00000 0.00000 14.5908 1.8196e+09 2.2106e+10 0 0.0000e+00 0.0000e+00 0.0000e+00
183 -1 4.4211e+10 78.63 101.92 60.007 10.573 26 58.59105 80.25369 19.48850 -133.78 -227.92 115.17 0.000e+00 0.000e+00 0.000e+00 0.00000 10.57255 4.4211e+10 4.4211e+10 4.4211e+10 0.0000e+00 0.0000e+00 50612.19922 144.14 0.00000 0.00000 0.00000 0.00000 0.00000 0.00000 0.00000 0.00000 0.00000 0.00000 0.00000 0.0000 1.6341e+09 0.0000e+00 0 0.0000e+00 0.0000e+00 0.0000e+00
184 -1 1.7684e+11 135.73 208.11 95.255 10.642 26 74.31361 63.51630 32.67725 2.59 -180.82 418.21 -4.697e+10 -5.856e+09 8.073e+10 0.08050 10.64202 2.8737e+11 1.7684e+11 1.7684e+11 1.5474e+11 0.0000e+00 12885.36328 99.94 0.05675 0.45595 0.00667 -2.30273 23.46699 22.43683 0.26421 0.00000 -3.06153 25.60261 25.28832 2.5590 2.6170e+09 8.8422e+10 0 0.0000e+00 0.0000e+00 0.0000e+00
185 -1 1.5474e+11 121.55 135.93 91.108 14.373 26 10.97701 49.06341 1.85549 401.77 -261.96 -108.68 -5.673e+10 -1.390e+10 -8.664e+10 0.08571 14.37308 1.9895e+11 1.5474e+11 1.5474e+11 4.4211e+10 0.0000e+00 7178.75928 155.98 0.07916 0.52964 0.19525 -6.66125 -10.05170 37.28828 0.00000 0.00000 0.00000 0.00000 0.00000 2.1401 2.2778e+09 4.4211e+10 0 0.0000e+00 0.0000e+00 0.0000e+00
186 -1 1.5474e+11 116.12 201.98 91.108 19.531 26 59.96516 28.58669 19.25691 -340.39 71.02 80.15 2.506e+11 -1.975e+11 -8.306e+10 0.40827 19.53095 2.8737e+11 1.5474e+11 1.5474e+11 0.0000e+00 0.0000e+00 9894.94043 116.32 0.24977 0.27287 0.00000 -16.93122 -25.40366 50.52613 0.00000 0.00000 0.00000 0.00000 0.00000 3.3915 1.5331e+09 1.3263e+11 0 0.0000e+00 0.0000e+00 0.0000e+00
187 -1 1.9895e+11 143.13 226.59 99.069 10.375 25 43.18842 10.32396 58.23202 -101.01 79.48 -231.40 -2.913e+11 -3.489e+11 -6.242e+09 0.31173 10.37517 2.8737e+11 1.9895e+11 1.9895e+11 1.5474e+11 2.2106e+10 8138.96680 50.01 0.22652 0.07763 0.00201 -1.11573 22.26910 -17.90816 0.00000 0.00000 1.05286 13.78727 -12.51602 1.9713 3.9427e+09 8.8422e+10 0 0.0000e+00 0.0000e+00 0.0000e+00
188 -1 4.4211e+10 83.85 119.79 60.007 7.371 25 25.05873 80.98323 35.85317 138.88 9.63 -308.88 0.000e+00 0.000e+00 0.000e+00 0.00000 7.37110 4.4211e+10 4.4211e+10 4.4211e+10 2.2106e+10 0.0000e+00 46023.14844 169.40 0.00000 0.00000 0.00000 0.00000 0.00000 0.00000 0.00000 0.00000 0.00000 0.00000 0.00000 0.0000 3.2629e+09 2.2106e+10 0 0.0000e+00 0.0000e+00 0.0000e+00
189 -1 6.6317e+10 100.39 160.32 68.691 6.827 25 30.94032 77.66623 27.70659 275.01 2.47 152.15 -2.160e+10 4.328e+10 1.936e+10 0.30401 6.82652 8.8422e+10 6.6317e+10 6.6317e+10 4.4211e+10 0.0000e+00 29344.27539 115.49 0.16203 0.00000 0.00000 0.00000 0.00000 0.00000 0.00000 0.00000 0.00000 0.00000 0.00000 8.2517 2.3478e+09 0.0000e+00 0 0.0000e+00 0.0000e+00 0.0000e+00
190 -1 1.3263e+11 115.54 179.57 86.545 13.598 25 65.89108 0.79358 35.87076 -140.31 -349.70 108.57 -3.769e+09 -9.879e+09 8.759e+10 0.12609 13.59819 1.5474e+11 1.3263e+11 1.3263e+11 8.8422e+10 0.0000e+00 12503.17188 115.32 0.08642 0.83142 0.07635 17.27947 16.75890 18.70684 0.86606 0.07767 13.78234 18.28317 18.77321 2.9408 2.2601e+09 8.8422e+10 0 0.0000e+00 0.0000e+00 0.0000e+00
191 -1 8.8422e+10 107.16 189.79 75.604 8.663 25 52.35774 0.28876 26.68076 -330.33 -163.03 372.99 4.516e+10 -4.455e+10 2.504e+10 0.20379 8.66279 1.5474e+11 8.8422e+10 8.8422e+10 6.6317e+10 0.0000e+00 14694.35840 144.63 0.13131 0.42391 0.17067 17.90379 25.27823 -16.25780 0.00000 0.00000 0.00000 0.00000 0.00000 4.4863 2.1178e+09 0.0000e+00 0 0.0000e+00 0.0000e+00 0.0000e+00
